#Layer_Color=32768
#
#Feature symbol names
#
$0 r7
$1 r4
$2 r6
$3 r2
$4 r7.874
$5 rect25x68
$6 rect25x68_360

#
#Feature attribute names
#

#
#Layer features
#
L 31.4755511 20.4654724 31.5424803 20.4654724 4 P 0
L 31.4755511 23.1662598 31.5424803 23.1662598 4 P 0
L 31.4887558 21.461063 31.5187558 21.461063 0 P 0
L 31.5037558 21.446063 31.5037558 21.476063 0 P 0
L 31.5177558 20.991063 31.5177558 21.041063 2 P 0
L 31.5177558 20.991063 31.5977558 20.991063 2 P 0
L 31.5177558 21.041063 31.5977558 21.041063 2 P 0
L 31.5177558 21.091063 31.5177558 21.141063 2 P 0
L 31.5177558 21.091063 31.5977558 21.091063 2 P 0
L 31.5177558 21.141063 31.5977558 21.141063 2 P 0
L 31.5277558 21.691063 31.5277558 21.741063 2 P 0
L 31.5277558 21.691063 31.6077558 21.691063 2 P 0
L 31.5277558 21.741063 31.6077558 21.741063 2 P 0
L 31.5337558 20.991063 31.5337558 21.041063 3 P 0
L 31.5337558 21.091063 31.5337558 21.141063 3 P 0
L 31.5424803 20.4654724 31.5424803 23.1662598 4 P 0
L 31.5437558 21.691063 31.5437558 21.741063 3 P 0
L 31.5567558 21.490063 31.5567558 21.532063 1 P 0
L 31.5567558 21.490063 31.5617558 21.490063 1 P 0
L 31.5567558 21.532063 31.5617558 21.532063 1 P 0
L 31.5617558 21.477063 31.5617558 21.545063 2 P 0
L 31.5617558 21.477063 31.6837558 21.477063 2 P 0
L 31.5617558 21.545063 31.6837558 21.545063 2 P 0
L 31.5817558 20.991063 31.5817558 21.041063 3 P 0
L 31.5817558 21.091063 31.5817558 21.141063 3 P 0
L 31.5867558 21.477063 31.5867558 21.545063 1 P 0
L 31.5917558 21.691063 31.5917558 21.741063 3 P 0
L 31.5977558 20.991063 31.5977558 21.041063 2 P 0
L 31.5977558 21.091063 31.5977558 21.141063 2 P 0
L 31.6077558 21.691063 31.6077558 21.741063 2 P 0
L 31.6837558 21.477063 31.6837558 21.545063 2 P 0
L 31.6837558 21.490063 31.6887558 21.490063 1 P 0
L 31.6837558 21.532063 31.6887558 21.532063 1 P 0
L 31.6887558 21.490063 31.6887558 21.532063 1 P 0
L 32.0217558 22.215063 32.0217558 22.257063 1 P 0
L 32.0217558 22.215063 32.0267558 22.215063 1 P 0
L 32.0217558 22.257063 32.0267558 22.257063 1 P 0
L 32.0267558 22.202063 32.0267558 22.270063 2 P 0
L 32.0267558 22.202063 32.1487558 22.202063 2 P 0
L 32.0267558 22.270063 32.1487558 22.270063 2 P 0
L 32.0927558 22.491063 32.0927558 22.541063 2 P 0
L 32.0927558 22.491063 32.1727558 22.491063 2 P 0
L 32.0927558 22.541063 32.1727558 22.541063 2 P 0
L 32.0927558 22.591063 32.0927558 22.641063 2 P 0
L 32.0927558 22.591063 32.1727558 22.591063 2 P 0
L 32.0927558 22.641063 32.1727558 22.641063 2 P 0
L 32.1087558 22.491063 32.1087558 22.541063 3 P 0
L 32.1087558 22.591063 32.1087558 22.641063 3 P 0
L 32.1127558 21.891063 32.1127558 21.941063 2 P 0
L 32.1127558 21.891063 32.1927558 21.891063 2 P 0
L 32.1127558 21.941063 32.1927558 21.941063 2 P 0
L 32.1237558 22.202063 32.1237558 22.270063 1 P 0
L 32.1287558 21.891063 32.1287558 21.941063 3 P 0
L 32.1487558 22.202063 32.1487558 22.270063 2 P 0
L 32.1487558 22.215063 32.1537558 22.215063 1 P 0
L 32.1487558 22.257063 32.1537558 22.257063 1 P 0
L 32.1537558 22.215063 32.1537558 22.257063 1 P 0
L 32.1566534 20.4654724 32.1566534 23.1662598 4 P 0
L 32.1566534 20.4654724 32.2235826 20.4654724 4 P 0
L 32.1566534 23.1662598 32.2235826 23.1662598 4 P 0
L 32.1567558 22.491063 32.1567558 22.541063 3 P 0
L 32.1567558 22.591063 32.1567558 22.641063 3 P 0
L 32.1727558 22.491063 32.1727558 22.541063 2 P 0
L 32.1727558 22.591063 32.1727558 22.641063 2 P 0
L 32.1767558 21.891063 32.1767558 21.941063 3 P 0
L 32.1917558 22.286063 32.2217558 22.286063 0 P 0
L 32.1927558 21.891063 32.1927558 21.941063 2 P 0
L 32.2067558 22.271063 32.2067558 22.301063 0 P 0
P 31.5742466 21.5110632 5 P 0 0
P 32.1362626 22.2360628 6 P 0 0
