#Layer_Color=32768
#
#Feature symbol names
#
$0 r8
$1 r6
$2 r2
$3 r4
$4 r7
$5 rect25x68

#
#Feature attribute names
#

#
#Layer features
#
A 0.548 0.814 0.548 0.814 0.542 0.814 0 P 0 N
A 1.349 0.713 1.349 0.713 1.343 0.713 0 P 0 N
A 2.208 0.712 2.208 0.712 2.202 0.712 0 P 0 N
A 3.028 0.804 3.028 0.804 3.022 0.804 0 P 0 N
L 0.083 0.444 0.113 0.444 4 P 0
L 0.098 0.429 0.098 0.459 4 P 0
L 0.151 0.373 0.151 0.415 3 P 0
L 0.151 0.373 0.156 0.373 3 P 0
L 0.151 0.415 0.156 0.415 3 P 0
L 0.156 0.36 0.156 0.428 1 P 0
L 0.156 0.36 0.278 0.36 1 P 0
L 0.156 0.428 0.278 0.428 1 P 0
L 0.165 0.981 0.165 1.031 1 P 0
L 0.165 0.981 0.245 0.981 1 P 0
L 0.165 1.031 0.245 1.031 1 P 0
L 0.181 0.36 0.181 0.428 3 P 0
L 0.181 0.981 0.181 1.031 2 P 0
L 0.182 0.477 0.182 0.527 1 P 0
L 0.182 0.477 0.262 0.477 1 P 0
L 0.182 0.527 0.262 0.527 1 P 0
L 0.198 0.477 0.198 0.527 2 P 0
L 0.229 0.981 0.229 1.031 2 P 0
L 0.245 0.981 0.245 1.031 1 P 0
L 0.246 0.477 0.246 0.527 2 P 0
L 0.262 0.477 0.262 0.527 1 P 0
L 0.278 0.36 0.278 0.428 1 P 0
L 0.278 0.373 0.283 0.373 3 P 0
L 0.278 0.415 0.283 0.415 3 P 0
L 0.283 0.373 0.283 0.415 3 P 0
L 0.522 0.868 0.522 0.918 1 P 0
L 0.522 0.868 0.636 0.868 1 P 0
L 0.522 0.918 0.636 0.918 1 P 0
L 0.533 0.846 0.533 0.868 2 P 0
L 0.533 0.846 0.551 0.846 2 P 0
L 0.533 0.853 0.551 0.853 2 P 0
L 0.533 0.918 0.533 0.94 2 P 0
L 0.533 0.933 0.551 0.933 2 P 0
L 0.533 0.94 0.551 0.94 2 P 0
L 0.538 0.814 0.546 0.814 0 P 0
L 0.538 0.859 0.546 0.859 2 P 0
L 0.538 0.927 0.546 0.927 2 P 0
L 0.542 0.81 0.542 0.818 0 P 0
L 0.551 0.846 0.551 0.868 2 P 0
L 0.551 0.918 0.551 0.94 2 P 0
L 0.5553779 1.2138898 0.5553779 1.2638898 1 P 0
L 0.5553779 1.2138898 0.6353779 1.2138898 1 P 0
L 0.5553779 1.2638898 0.6353779 1.2638898 1 P 0
L 0.57 0.846 0.57 0.868 2 P 0
L 0.57 0.846 0.588 0.846 2 P 0
L 0.57 0.853 0.588 0.853 2 P 0
L 0.5713779 1.2138898 0.5713779 1.2638898 2 P 0
L 0.575 0.859 0.583 0.859 2 P 0
L 0.588 0.846 0.588 0.868 2 P 0
L 0.607 0.846 0.607 0.868 2 P 0
L 0.607 0.846 0.625 0.846 2 P 0
L 0.607 0.853 0.625 0.853 2 P 0
L 0.607 0.918 0.607 0.94 2 P 0
L 0.607 0.933 0.625 0.933 2 P 0
L 0.607 0.94 0.625 0.94 2 P 0
L 0.612 0.859 0.62 0.859 2 P 0
L 0.612 0.927 0.62 0.927 2 P 0
L 0.6193779 1.2138898 0.6193779 1.2638898 2 P 0
L 0.625 0.846 0.625 0.868 2 P 0
L 0.625 0.918 0.625 0.94 2 P 0
L 0.6353779 1.2138898 0.6353779 1.2638898 1 P 0
L 0.636 0.868 0.636 0.918 1 P 0
L 0.668 0.848 0.668 0.928 1 P 0
L 0.668 0.848 0.718 0.848 1 P 0
L 0.668 0.864 0.718 0.864 2 P 0
L 0.668 0.912 0.718 0.912 2 P 0
L 0.668 0.928 0.718 0.928 1 P 0
L 0.693 1.061 0.693 1.141 1 P 0
L 0.693 1.061 0.743 1.061 1 P 0
L 0.693 1.077 0.743 1.077 2 P 0
L 0.693 1.125 0.743 1.125 2 P 0
L 0.693 1.141 0.743 1.141 1 P 0
L 0.702 0.848 0.702 0.928 1 P 0
L 0.702 0.848 0.752 0.848 1 P 0
L 0.702 0.864 0.752 0.864 2 P 0
L 0.702 0.912 0.752 0.912 2 P 0
L 0.702 0.928 0.752 0.928 1 P 0
L 0.718 0.848 0.718 0.928 1 P 0
L 0.743 1.061 0.743 1.141 1 P 0
L 0.752 0.848 0.752 0.928 1 P 0
L 0.966 0.88 0.966 0.93 1 P 0
L 0.966 0.88 1.046 0.88 1 P 0
L 0.966 0.93 1.046 0.93 1 P 0
L 0.982 0.88 0.982 0.93 2 P 0
L 1.03 0.88 1.03 0.93 2 P 0
L 1.046 0.88 1.046 0.93 1 P 0
L 1.323 0.767 1.323 0.817 1 P 0
L 1.323 0.767 1.437 0.767 1 P 0
L 1.323 0.817 1.437 0.817 1 P 0
L 1.334 0.745 1.334 0.767 2 P 0
L 1.334 0.745 1.352 0.745 2 P 0
L 1.334 0.752 1.352 0.752 2 P 0
L 1.334 0.817 1.334 0.839 2 P 0
L 1.334 0.832 1.352 0.832 2 P 0
L 1.334 0.839 1.352 0.839 2 P 0
L 1.339 0.713 1.347 0.713 0 P 0
L 1.339 0.758 1.347 0.758 2 P 0
L 1.339 0.826 1.347 0.826 2 P 0
L 1.343 0.709 1.343 0.717 0 P 0
L 1.352 0.745 1.352 0.767 2 P 0
L 1.352 0.817 1.352 0.839 2 P 0
L 1.3563779 1.1128898 1.3563779 1.1628898 1 P 0
L 1.3563779 1.1128898 1.4363779 1.1128898 1 P 0
L 1.3563779 1.1628898 1.4363779 1.1628898 1 P 0
L 1.371 0.745 1.371 0.767 2 P 0
L 1.371 0.745 1.389 0.745 2 P 0
L 1.371 0.752 1.389 0.752 2 P 0
L 1.3723779 1.1128898 1.3723779 1.1628898 2 P 0
L 1.376 0.758 1.384 0.758 2 P 0
L 1.389 0.745 1.389 0.767 2 P 0
L 1.408 0.745 1.408 0.767 2 P 0
L 1.408 0.745 1.426 0.745 2 P 0
L 1.408 0.752 1.426 0.752 2 P 0
L 1.408 0.817 1.408 0.839 2 P 0
L 1.408 0.832 1.426 0.832 2 P 0
L 1.408 0.839 1.426 0.839 2 P 0
L 1.413 0.758 1.421 0.758 2 P 0
L 1.413 0.826 1.421 0.826 2 P 0
L 1.4203779 1.1128898 1.4203779 1.1628898 2 P 0
L 1.426 0.745 1.426 0.767 2 P 0
L 1.426 0.817 1.426 0.839 2 P 0
L 1.4363779 1.1128898 1.4363779 1.1628898 1 P 0
L 1.437 0.767 1.437 0.817 1 P 0
L 1.469 0.747 1.469 0.827 1 P 0
L 1.469 0.747 1.519 0.747 1 P 0
L 1.469 0.763 1.519 0.763 2 P 0
L 1.469 0.811 1.519 0.811 2 P 0
L 1.469 0.827 1.519 0.827 1 P 0
L 1.494 0.96 1.494 1.04 1 P 0
L 1.494 0.96 1.544 0.96 1 P 0
L 1.494 0.976 1.544 0.976 2 P 0
L 1.494 1.024 1.544 1.024 2 P 0
L 1.494 1.04 1.544 1.04 1 P 0
L 1.503 0.747 1.503 0.827 1 P 0
L 1.503 0.747 1.553 0.747 1 P 0
L 1.503 0.763 1.553 0.763 2 P 0
L 1.503 0.811 1.553 0.811 2 P 0
L 1.503 0.827 1.553 0.827 1 P 0
L 1.519 0.747 1.519 0.827 1 P 0
L 1.544 0.96 1.544 1.04 1 P 0
L 1.553 0.747 1.553 0.827 1 P 0
L 1.825 0.879 1.825 0.929 1 P 0
L 1.825 0.879 1.905 0.879 1 P 0
L 1.825 0.929 1.905 0.929 1 P 0
L 1.841 0.879 1.841 0.929 2 P 0
L 1.889 0.879 1.889 0.929 2 P 0
L 1.905 0.879 1.905 0.929 1 P 0
L 2.182 0.766 2.182 0.816 1 P 0
L 2.182 0.766 2.296 0.766 1 P 0
L 2.182 0.816 2.296 0.816 1 P 0
L 2.193 0.744 2.193 0.766 2 P 0
L 2.193 0.744 2.211 0.744 2 P 0
L 2.193 0.751 2.211 0.751 2 P 0
L 2.193 0.816 2.193 0.838 2 P 0
L 2.193 0.831 2.211 0.831 2 P 0
L 2.193 0.838 2.211 0.838 2 P 0
L 2.198 0.712 2.206 0.712 0 P 0
L 2.198 0.757 2.206 0.757 2 P 0
L 2.198 0.825 2.206 0.825 2 P 0
L 2.202 0.708 2.202 0.716 0 P 0
L 2.211 0.744 2.211 0.766 2 P 0
L 2.211 0.816 2.211 0.838 2 P 0
L 2.2153779 1.1118898 2.2153779 1.1618898 1 P 0
L 2.2153779 1.1118898 2.2953779 1.1118898 1 P 0
L 2.2153779 1.1618898 2.2953779 1.1618898 1 P 0
L 2.23 0.744 2.23 0.766 2 P 0
L 2.23 0.744 2.248 0.744 2 P 0
L 2.23 0.751 2.248 0.751 2 P 0
L 2.2313779 1.1118898 2.2313779 1.1618898 2 P 0
L 2.235 0.757 2.243 0.757 2 P 0
L 2.248 0.744 2.248 0.766 2 P 0
L 2.267 0.744 2.267 0.766 2 P 0
L 2.267 0.744 2.285 0.744 2 P 0
L 2.267 0.751 2.285 0.751 2 P 0
L 2.267 0.816 2.267 0.838 2 P 0
L 2.267 0.831 2.285 0.831 2 P 0
L 2.267 0.838 2.285 0.838 2 P 0
L 2.272 0.757 2.28 0.757 2 P 0
L 2.272 0.825 2.28 0.825 2 P 0
L 2.2793779 1.1118898 2.2793779 1.1618898 2 P 0
L 2.285 0.744 2.285 0.766 2 P 0
L 2.285 0.816 2.285 0.838 2 P 0
L 2.2953779 1.1118898 2.2953779 1.1618898 1 P 0
L 2.296 0.766 2.296 0.816 1 P 0
L 2.328 0.746 2.328 0.826 1 P 0
L 2.328 0.746 2.378 0.746 1 P 0
L 2.328 0.762 2.378 0.762 2 P 0
L 2.328 0.81 2.378 0.81 2 P 0
L 2.328 0.826 2.378 0.826 1 P 0
L 2.353 0.959 2.353 1.039 1 P 0
L 2.353 0.959 2.403 0.959 1 P 0
L 2.353 0.975 2.403 0.975 2 P 0
L 2.353 1.023 2.403 1.023 2 P 0
L 2.353 1.039 2.403 1.039 1 P 0
L 2.362 0.746 2.362 0.826 1 P 0
L 2.362 0.746 2.412 0.746 1 P 0
L 2.362 0.762 2.412 0.762 2 P 0
L 2.362 0.81 2.412 0.81 2 P 0
L 2.362 0.826 2.412 0.826 1 P 0
L 2.378 0.746 2.378 0.826 1 P 0
L 2.403 0.959 2.403 1.039 1 P 0
L 2.412 0.746 2.412 0.826 1 P 0
L 2.645 0.971 2.645 1.021 1 P 0
L 2.645 0.971 2.725 0.971 1 P 0
L 2.645 1.021 2.725 1.021 1 P 0
L 2.661 0.971 2.661 1.021 2 P 0
L 2.709 0.971 2.709 1.021 2 P 0
L 2.725 0.971 2.725 1.021 1 P 0
L 3.002 0.858 3.002 0.908 1 P 0
L 3.002 0.858 3.116 0.858 1 P 0
L 3.002 0.908 3.116 0.908 1 P 0
L 3.013 0.836 3.013 0.858 2 P 0
L 3.013 0.836 3.031 0.836 2 P 0
L 3.013 0.843 3.031 0.843 2 P 0
L 3.013 0.908 3.013 0.93 2 P 0
L 3.013 0.923 3.031 0.923 2 P 0
L 3.013 0.93 3.031 0.93 2 P 0
L 3.018 0.804 3.026 0.804 0 P 0
L 3.018 0.849 3.026 0.849 2 P 0
L 3.018 0.917 3.026 0.917 2 P 0
L 3.022 0.8 3.022 0.808 0 P 0
L 3.031 0.836 3.031 0.858 2 P 0
L 3.031 0.908 3.031 0.93 2 P 0
L 3.0353779 1.2038898 3.0353779 1.2538898 1 P 0
L 3.0353779 1.2038898 3.1153779 1.2038898 1 P 0
L 3.0353779 1.2538898 3.1153779 1.2538898 1 P 0
L 3.05 0.836 3.05 0.858 2 P 0
L 3.05 0.836 3.068 0.836 2 P 0
L 3.05 0.843 3.068 0.843 2 P 0
L 3.0513779 1.2038898 3.0513779 1.2538898 2 P 0
L 3.055 0.849 3.063 0.849 2 P 0
L 3.068 0.836 3.068 0.858 2 P 0
L 3.087 0.836 3.087 0.858 2 P 0
L 3.087 0.836 3.105 0.836 2 P 0
L 3.087 0.843 3.105 0.843 2 P 0
L 3.087 0.908 3.087 0.93 2 P 0
L 3.087 0.923 3.105 0.923 2 P 0
L 3.087 0.93 3.105 0.93 2 P 0
L 3.092 0.849 3.1 0.849 2 P 0
L 3.092 0.917 3.1 0.917 2 P 0
L 3.0993779 1.2038898 3.0993779 1.2538898 2 P 0
L 3.105 0.836 3.105 0.858 2 P 0
L 3.105 0.908 3.105 0.93 2 P 0
L 3.1153779 1.2038898 3.1153779 1.2538898 1 P 0
L 3.116 0.858 3.116 0.908 1 P 0
L 3.148 0.838 3.148 0.918 1 P 0
L 3.148 0.838 3.198 0.838 1 P 0
L 3.148 0.854 3.198 0.854 2 P 0
L 3.148 0.902 3.198 0.902 2 P 0
L 3.148 0.918 3.198 0.918 1 P 0
L 3.173 1.051 3.173 1.131 1 P 0
L 3.173 1.051 3.223 1.051 1 P 0
L 3.173 1.067 3.223 1.067 2 P 0
L 3.173 1.115 3.223 1.115 2 P 0
L 3.173 1.131 3.223 1.131 1 P 0
L 3.182 0.838 3.182 0.918 1 P 0
L 3.182 0.838 3.232 0.838 1 P 0
L 3.182 0.854 3.232 0.854 2 P 0
L 3.182 0.902 3.232 0.902 2 P 0
L 3.182 0.918 3.232 0.918 1 P 0
L 3.198 0.838 3.198 0.918 1 P 0
L 3.223 1.051 3.223 1.131 1 P 0
L 3.232 0.838 3.232 0.918 1 P 0
P 0.1685 0.394 5 P 0 0
