#Layer_Color=16711935
#
#Feature symbol names
#
$0 r25
$1 r3.937

#
#Feature attribute names
#

#
#Layer features
#
A 28.720242 22.8620787 28.820242 22.7620787 28.820242 22.8620787 0 P 0 N
A 28.7247581 20.7513564 28.8247581 20.6513564 28.8247581 20.7513564 0 P 0 N
A 28.725242 20.7513564 28.825242 20.6513564 28.825242 20.7513564 0 P 0 N
A 28.820242 23.7711145 28.720242 23.6711145 28.820242 23.6711145 0 P 0 N
A 28.820242 23.7711145 28.720242 23.6711145 28.820242 23.6711145 0 P 0 N
A 28.8247581 21.6603922 28.7247581 21.5603922 28.8247581 21.5603922 0 P 0 N
A 29.370242 22.7615984 29.470242 22.8615984 29.370242 22.8615984 0 P 0 N
A 29.3747581 20.6508761 29.4747581 20.7508761 29.3747581 20.7508761 0 P 0 N
A 29.375242 20.6518403 29.475242 20.7518403 29.375242 20.7518403 0 P 0 N
A 29.470242 23.6715984 29.370242 23.7715984 29.370242 23.6715984 0 P 0 N
A 29.470242 23.6715984 29.370242 23.7715984 29.370242 23.6715984 0 P 0 N
A 29.4747581 21.5608761 29.3747581 21.6608761 29.3747581 21.5608761 0 P 0 N
A 30.1047581 20.7413564 30.2047581 20.6413564 30.2047581 20.7413564 0 P 0 N
A 30.105242 20.7413564 30.205242 20.6413564 30.205242 20.7413564 0 P 0 N
A 30.120242 22.8620787 30.220242 22.7620787 30.220242 22.8620787 0 P 0 N
A 30.2047581 21.6503922 30.1047581 21.5503922 30.2047581 21.5503922 0 P 0 N
A 30.220242 23.7711145 30.120242 23.6711145 30.220242 23.6711145 0 P 0 N
A 30.220242 23.7711145 30.120242 23.6711145 30.220242 23.6711145 0 P 0 N
A 30.7547581 20.6408761 30.8547581 20.7408761 30.7547581 20.7408761 0 P 0 N
A 30.755242 20.6418403 30.855242 20.7418403 30.755242 20.7418403 0 P 0 N
A 30.770242 22.7615984 30.870242 22.8615984 30.770242 22.8615984 0 P 0 N
A 30.8547581 21.5508761 30.7547581 21.6508761 30.7547581 21.5508761 0 P 0 N
A 30.870242 23.6715984 30.770242 23.7715984 30.770242 23.6715984 0 P 0 N
A 30.870242 23.6715984 30.770242 23.7715984 30.770242 23.6715984 0 P 0 N
A 31.544758 22.8523207 31.644758 22.7523207 31.644758 22.8523207 0 P 0 N
A 31.644758 23.7613565 31.544758 23.6613565 31.644758 23.6613565 0 P 0 N
A 31.644758 23.7613565 31.544758 23.6613565 31.644758 23.6613565 0 P 0 N
A 32.194758 22.7518404 32.294758 22.8518404 32.194758 22.8518404 0 P 0 N
A 32.294758 23.6618404 32.194758 23.7618404 32.194758 23.6618404 0 P 0 N
A 32.294758 23.6618404 32.194758 23.7618404 32.194758 23.6618404 0 P 0 N
A 32.904758 22.8623207 33.004758 22.7623207 33.004758 22.8623207 0 P 0 N
A 33.004758 23.7713565 32.904758 23.6713565 33.004758 23.6713565 0 P 0 N
A 33.004758 23.7713565 32.904758 23.6713565 33.004758 23.6713565 0 P 0 N
A 33.0447581 20.7413564 33.1447581 20.6413564 33.1447581 20.7413564 0 P 0 N
A 33.045242 20.7413564 33.145242 20.6413564 33.145242 20.7413564 0 P 0 N
A 33.1447581 21.6503922 33.0447581 21.5503922 33.1447581 21.5503922 0 P 0 N
A 33.554758 22.7618404 33.654758 22.8618404 33.554758 22.8618404 0 P 0 N
A 33.654758 23.6718404 33.554758 23.7718404 33.554758 23.6718404 0 P 0 N
A 33.654758 23.6718404 33.554758 23.7718404 33.554758 23.6718404 0 P 0 N
A 33.6947581 20.6408761 33.7947581 20.7408761 33.6947581 20.7408761 0 P 0 N
A 33.695242 20.6418403 33.795242 20.7418403 33.695242 20.7418403 0 P 0 N
A 33.7947581 21.5508761 33.6947581 21.6508761 33.6947581 21.5508761 0 P 0 N
A 34.265242 20.7513564 34.365242 20.6513564 34.365242 20.7513564 0 P 0 N
A 34.265242 20.7513564 34.365242 20.6513564 34.365242 20.7513564 0 P 0 N
A 34.304758 22.8723207 34.404758 22.7723207 34.404758 22.8723207 0 P 0 N
A 34.365242 21.6603922 34.265242 21.5603922 34.365242 21.5603922 0 P 0 N
A 34.404758 23.7813565 34.304758 23.6813565 34.404758 23.6813565 0 P 0 N
A 34.404758 23.7813565 34.304758 23.6813565 34.404758 23.6813565 0 P 0 N
A 34.915242 20.6508761 35.015242 20.7508761 34.915242 20.7508761 0 P 0 N
A 34.915242 20.6518403 35.015242 20.7518403 34.915242 20.7518403 0 P 0 N
A 34.954758 22.7718404 35.054758 22.8718404 34.954758 22.8718404 0 P 0 N
A 35.015242 21.5608761 34.915242 21.6608761 34.915242 21.5608761 0 P 0 N
A 35.054758 23.6818404 34.954758 23.7818404 34.954758 23.6818404 0 P 0 N
A 35.054758 23.6818404 34.954758 23.7818404 34.954758 23.6818404 0 P 0 N
A 35.644758 22.8623207 35.744758 22.7623207 35.744758 22.8623207 0 P 0 N
A 35.6547581 20.7613564 35.7547581 20.6613564 35.7547581 20.7613564 0 P 0 N
A 35.655242 20.7613564 35.755242 20.6613564 35.755242 20.7613564 0 P 0 N
A 35.744758 23.7713565 35.644758 23.6713565 35.744758 23.6713565 0 P 0 N
A 35.744758 23.7713565 35.644758 23.6713565 35.744758 23.6713565 0 P 0 N
A 35.7547581 21.6703922 35.6547581 21.5703922 35.7547581 21.5703922 0 P 0 N
A 36.294758 22.7618404 36.394758 22.8618404 36.294758 22.8618404 0 P 0 N
A 36.3047581 20.6608761 36.4047581 20.7608761 36.3047581 20.7608761 0 P 0 N
A 36.305242 20.6618403 36.405242 20.7618403 36.305242 20.7618403 0 P 0 N
A 36.394758 23.6718404 36.294758 23.7718404 36.294758 23.6718404 0 P 0 N
A 36.394758 23.6718404 36.294758 23.7718404 36.294758 23.6718404 0 P 0 N
A 36.4047581 21.5708761 36.3047581 21.6708761 36.3047581 21.5708761 0 P 0 N
L 28.41 17.119 28.41 27.3020709 0 P 0
L 28.41 17.119 36.81 17.119 0 P 0
L 28.41 27.3020709 36.81 27.3020709 0 P 0
L 28.720242 22.8620787 28.720242 23.6711145 0 P 0
L 28.7247581 20.7513564 28.7247581 21.5603922 0 P 0
L 28.8207259 23.7715984 29.370242 23.7715984 0 P 0
L 28.8207259 23.7715984 29.370242 23.7715984 0 P 0
L 28.8212085 22.7615984 29.370242 22.7615984 0 P 0
L 28.825242 20.6513564 29.3747581 20.6513564 0 P 0
L 28.825242 21.6608761 29.3747581 21.6608761 0 P 0
L 28.8257246 20.6508761 29.3747581 20.6508761 0 P 0
L 29.470242 22.8615984 29.470242 23.6715984 0 P 0
L 29.4747581 20.7508761 29.4747581 21.5608761 0 P 0
L 30.1047581 20.7413564 30.1047581 21.5503922 0 P 0
L 30.120242 22.8620787 30.120242 23.6711145 0 P 0
L 30.205242 20.6413564 30.7547581 20.6413564 0 P 0
L 30.205242 21.6508761 30.7547581 21.6508761 0 P 0
L 30.2057246 20.6408761 30.7547581 20.6408761 0 P 0
L 30.2207259 23.7715984 30.770242 23.7715984 0 P 0
L 30.2207259 23.7715984 30.770242 23.7715984 0 P 0
L 30.2212085 22.7615984 30.770242 22.7615984 0 P 0
L 30.8547581 20.7408761 30.8547581 21.5508761 0 P 0
L 30.870242 22.8615984 30.870242 23.6715984 0 P 0
L 31.544758 22.8523207 31.544758 23.6613565 0 P 0
L 31.6452419 23.7618404 32.194758 23.7618404 0 P 0
L 31.6452419 23.7618404 32.194758 23.7618404 0 P 0
L 31.6457245 22.7518404 32.194758 22.7518404 0 P 0
L 32.294758 22.8518404 32.294758 23.6618404 0 P 0
L 32.8769293 18.1563228 32.8926773 18.1563228 1 P 0
L 32.8848033 18.1484488 32.8848033 18.1641968 1 P 0
L 32.904758 22.8623207 32.904758 23.6713565 0 P 0
L 33.0052419 23.7718404 33.554758 23.7718404 0 P 0
L 33.0052419 23.7718404 33.554758 23.7718404 0 P 0
L 33.0057245 22.7618404 33.554758 22.7618404 0 P 0
L 33.0447581 20.7413564 33.0447581 21.5503922 0 P 0
L 33.145242 20.6413564 33.6947581 20.6413564 0 P 0
L 33.145242 21.6508761 33.6947581 21.6508761 0 P 0
L 33.1457246 20.6408761 33.6947581 20.6408761 0 P 0
L 33.654758 22.8618404 33.654758 23.6718404 0 P 0
L 33.7947581 20.7408761 33.7947581 21.5508761 0 P 0
L 34.265242 20.7513564 34.265242 21.5603922 0 P 0
L 34.304758 22.8723207 34.304758 23.6813565 0 P 0
L 34.365242 20.6513564 34.9147581 20.6513564 0 P 0
L 34.3657259 21.6608761 34.915242 21.6608761 0 P 0
L 34.3662085 20.6508761 34.915242 20.6508761 0 P 0
L 34.4052419 23.7818404 34.954758 23.7818404 0 P 0
L 34.4052419 23.7818404 34.954758 23.7818404 0 P 0
L 34.4057245 22.7718404 34.954758 22.7718404 0 P 0
L 35.015242 20.7508761 35.015242 21.5608761 0 P 0
L 35.054758 22.8718404 35.054758 23.6818404 0 P 0
L 35.644758 22.8623207 35.644758 23.6713565 0 P 0
L 35.6547581 20.7613564 35.6547581 21.5703922 0 P 0
L 35.7452419 23.7718404 36.294758 23.7718404 0 P 0
L 35.7452419 23.7718404 36.294758 23.7718404 0 P 0
L 35.7457245 22.7618404 36.294758 22.7618404 0 P 0
L 35.755242 20.6613564 36.3047581 20.6613564 0 P 0
L 35.755242 21.6708761 36.3047581 21.6708761 0 P 0
L 35.7557246 20.6608761 36.3047581 20.6608761 0 P 0
L 36.394758 22.8618404 36.394758 23.6718404 0 P 0
L 36.4047581 20.7608761 36.4047581 21.5708761 0 P 0
L 36.81 17.119 36.81 27.2920709 0 P 0
