#Layer_Color=16711935
#
#Feature symbol names
#
$0 r3.937

#
#Feature attribute names
#

#
#Layer features
#
A 0.0309527 -2.7260079 0.0309527 -2.7260079 0.0112677 -2.7260079 0 P 0 N
A 0.0630131 1.8829894 0.0630131 1.8829894 0.0433281 1.8829894 0 P 0 N
A 0.1571075 0.9533832 0.1571075 0.9533832 0.1374225 0.9533832 0 P 0 N
A -0.4828925 0.9533832 -0.4828925 0.9533832 -0.5025775 0.9533832 0 P 0 N
A 1.4680415 1.1156598 1.4680415 0.9543348 1.405021 1.0349973 0 P 0 N
A 1.5026052 -0.9090038 1.5026052 -0.9090038 1.4829202 -0.9090038 0 P 0 N
A -1.5215003 -0.8389937 -1.5215003 -0.8389937 -1.5411853 -0.8389937 0 P 0 N
A -1.5286011 1.1179894 -1.5286011 1.1179894 -1.5482861 1.1179894 0 P 0 N
A -1.574916 1.4166193 -1.574916 1.4166193 -1.594601 1.4166193 0 P 0 N
A -2.1598294 1.2833279 -2.1598294 1.2833279 -2.1795144 1.2833279 0 P 0 N
L -0.0241654 -2.6905748 0.133315 -2.6905748 0 P 0
L -0.0241654 -2.8874252 -0.0241654 -2.6905748 0 P 0
L -0.0241654 -2.8874252 0.133315 -2.8874252 0 P 0
L -0.0419476 0.9179501 -0.0419476 1.1620446 0 P 0
L -0.0787192 1.7215721 -0.0787192 1.9184225 0 P 0
L -0.0787192 1.7215721 0.0787612 1.7215721 0 P 0
L -0.0787192 1.9184225 0.0787612 1.9184225 0 P 0
L 0.0787612 1.7215721 0.0787612 1.9184225 0 P 0
L 0.1019895 0.9179501 0.1019895 1.1620446 0 P 0
L 0.1019895 0.9179501 0.5980524 0.9179501 0 P 0
L 0.1019895 1.1620446 0.5980524 1.1620446 0 P 0
L 0.133315 -2.8874252 0.133315 -2.6905748 0 P 0
L -0.5380105 0.9179501 -0.0419476 0.9179501 0 P 0
L -0.5380105 0.9179501 -0.5380105 1.1620446 0 P 0
L -0.5380105 1.1620446 -0.0419476 1.1620446 0 P 0
L 0.5980524 0.9179501 0.5980524 1.1620446 0 P 0
L 1.3254122 -0.8589811 1.4041524 -0.7225991 0 P 0
L 1.3254122 -0.8589811 1.4958896 -0.9574063 0 P 0
L 1.4041524 -0.7225991 1.5746298 -0.8210241 0 P 0
L -1.4191104 -0.7275991 -1.3403702 -0.8639811 0 P 0
L -1.4262388 0.9565721 -1.4262388 1.1534225 0 P 0
L 1.4680131 0.9543348 1.4680131 1.1156598 0 P 0
L 1.4958896 -0.9574063 1.5746298 -0.8210241 0 P 0
L -1.5099554 1.3319737 -1.5099554 1.4540209 0 P 0
L -1.5108476 -0.9624063 -1.3403702 -0.8639811 0 P 0
L -1.5837192 0.9565721 -1.4262388 0.9565721 0 P 0
L -1.5837192 0.9565721 -1.5837192 1.1534225 0 P 0
L -1.5837192 1.1534225 -1.4262388 1.1534225 0 P 0
L -1.5895878 -0.8260241 -1.4191104 -0.7275991 0 P 0
L -1.5895878 -0.8260241 -1.5108476 -0.9624063 0 P 0
L -1.6320026 1.3319737 -1.5099554 1.3319737 0 P 0
L -1.6320026 1.3319737 -1.6320026 1.4540209 0 P 0
L -1.6320026 1.4540209 -1.5099554 1.4540209 0 P 0
L -2.0948688 1.1986823 -2.0948688 1.3207295 0 P 0
L -2.216916 1.1986823 -2.0948688 1.1986823 0 P 0
L -2.216916 1.1986823 -2.216916 1.3207295 0 P 0
L -2.216916 1.3207295 -2.0948688 1.3207295 0 P 0
