#Layer_Color=32768
#
#Feature symbol names
#
$0 r6
$1 r2
$2 r4
$3 r7
$4 rect118x35
$5 rect35x118
$6 rect80x150
$7 rect150x80

#
#Feature attribute names
#

#
#Layer features
#
L 0.1215828 0.5591063 0.1215828 0.6091063 0 P 0
L 0.1215828 0.5591063 0.2015828 0.5591063 0 P 0
L 0.1215828 0.6091063 0.2015828 0.6091063 0 P 0
L 0.1365828 1.4185039 0.1365828 1.4685039 0 P 0
L 0.1365828 1.4185039 0.2165828 1.4185039 0 P 0
L 0.1365828 1.4685039 0.2165828 1.4685039 0 P 0
L 0.1375828 0.5591063 0.1375828 0.6091063 1 P 0
L 0.1525828 1.4185039 0.1525828 1.4685039 1 P 0
L 0.1855828 0.5591063 0.1855828 0.6091063 1 P 0
L 0.2005828 1.4185039 0.2005828 1.4685039 1 P 0
L 0.2015828 0.5591063 0.2015828 0.6091063 0 P 0
L 0.2165828 1.4185039 0.2165828 1.4685039 0 P 0
L 5.7245827 1.9091457 5.7245827 2.1291457 2 P 0
L 5.7245827 1.9091457 5.7285827 1.9141457 1 P 0
L 5.7245827 1.9091457 5.8505827 1.9091457 2 P 0
L 5.7245827 2.1291457 5.7285827 2.1241457 1 P 0
L 5.7245827 2.1291457 5.8505827 2.1291457 2 P 0
L 5.7285827 1.9141457 5.7285827 2.1241457 1 P 0
L 5.7285827 1.9141457 5.8465827 1.9141457 1 P 0
L 5.7285827 2.0891457 5.8465827 2.0891457 1 P 0
L 5.7285827 2.1241457 5.8465827 2.1241457 1 P 0
L 5.7435827 1.9051457 5.7435827 1.9091457 2 P 0
L 5.7435827 1.9051457 5.8315827 1.9051457 2 P 0
L 5.7435827 2.1291457 5.7435827 2.1331457 2 P 0
L 5.7435827 2.1331457 5.7715827 2.1331457 2 P 0
L 5.7715827 2.1291457 5.7715827 2.1331457 2 P 0
L 5.8035827 2.1291457 5.8035827 2.1331457 2 P 0
L 5.8035827 2.1331457 5.8315827 2.1331457 2 P 0
L 5.8215827 1.2411457 5.8515827 1.2411457 3 P 0
L 5.8275827 0.6781457 5.8575827 0.6781457 3 P 0
L 5.8315827 1.9051457 5.8315827 1.9091457 2 P 0
L 5.8315827 2.1291457 5.8315827 2.1331457 2 P 0
L 5.8365827 1.2261457 5.8365827 1.2561457 3 P 0
L 5.8425827 0.6631457 5.8425827 0.6931457 3 P 0
L 5.8465827 1.9141457 5.8465827 2.1241457 1 P 0
L 5.8465827 1.9141457 5.8505827 1.9091457 1 P 0
L 5.8465827 2.1241457 5.8505827 2.1291457 1 P 0
L 5.8505827 1.9091457 5.8505827 2.1291457 2 P 0
L 5.8675827 2.1991457 5.8975827 2.1991457 3 P 0
L 5.8685827 0.9511457 5.8685827 1.1711457 2 P 0
L 5.8685827 0.9511457 5.8725827 0.9561457 1 P 0
L 5.8685827 0.9511457 5.9945827 0.9511457 2 P 0
L 5.8685827 1.1711457 5.8725827 1.1661457 1 P 0
L 5.8685827 1.1711457 5.9945827 1.1711457 2 P 0
L 5.8725827 0.9561457 5.8725827 1.1661457 1 P 0
L 5.8725827 0.9561457 5.9905827 0.9561457 1 P 0
L 5.8725827 1.1311457 5.9905827 1.1311457 1 P 0
L 5.8725827 1.1661457 5.9905827 1.1661457 1 P 0
L 5.8745827 0.3881457 5.8745827 0.6081457 2 P 0
L 5.8745827 0.3881457 5.8785827 0.3931457 1 P 0
L 5.8745827 0.3881457 6.0005827 0.3881457 2 P 0
L 5.8745827 0.6081457 5.8785827 0.6031457 1 P 0
L 5.8745827 0.6081457 6.0005827 0.6081457 2 P 0
L 5.8785827 0.3931457 5.8785827 0.6031457 1 P 0
L 5.8785827 0.3931457 5.9965827 0.3931457 1 P 0
L 5.8785827 0.5681457 5.9965827 0.5681457 1 P 0
L 5.8785827 0.6031457 5.9965827 0.6031457 1 P 0
L 5.8825827 2.1841457 5.8825827 2.2141457 3 P 0
L 5.8875827 0.9471457 5.8875827 0.9511457 2 P 0
L 5.8875827 0.9471457 5.9755827 0.9471457 2 P 0
L 5.8875827 1.1711457 5.8875827 1.1751457 2 P 0
L 5.8875827 1.1751457 5.9155827 1.1751457 2 P 0
L 5.8935827 0.3841457 5.8935827 0.3881457 2 P 0
L 5.8935827 0.3841457 5.9815827 0.3841457 2 P 0
L 5.8935827 0.6081457 5.8935827 0.6121457 2 P 0
L 5.8935827 0.6121457 5.9215827 0.6121457 2 P 0
L 5.9155827 1.1711457 5.9155827 1.1751457 2 P 0
L 5.9215827 0.6081457 5.9215827 0.6121457 2 P 0
L 5.9475827 1.1711457 5.9475827 1.1751457 2 P 0
L 5.9475827 1.1751457 5.9755827 1.1751457 2 P 0
L 5.9535827 0.6081457 5.9535827 0.6121457 2 P 0
L 5.9535827 0.6121457 5.9815827 0.6121457 2 P 0
L 5.9755827 0.9471457 5.9755827 0.9511457 2 P 0
L 5.9755827 1.1711457 5.9755827 1.1751457 2 P 0
L 5.9815827 0.3841457 5.9815827 0.3881457 2 P 0
L 5.9815827 0.6081457 5.9815827 0.6121457 2 P 0
L 5.9905827 0.9561457 5.9905827 1.1661457 1 P 0
L 5.9905827 0.9561457 5.9945827 0.9511457 1 P 0
L 5.9905827 1.1661457 5.9945827 1.1711457 1 P 0
L 5.9945827 0.9511457 5.9945827 1.1711457 2 P 0
L 5.9965827 0.3931457 5.9965827 0.6031457 1 P 0
L 5.9965827 0.3931457 6.0005827 0.3881457 1 P 0
L 5.9965827 0.6031457 6.0005827 0.6081457 1 P 0
L 6.0005827 0.3881457 6.0005827 0.6081457 2 P 0
L 6.0955827 1.1401457 6.0955827 1.2141457 2 P 0
L 6.0955827 1.1401457 6.1005827 1.1401457 2 P 0
L 6.0955827 1.2141457 6.1005827 1.2141457 2 P 0
L 6.1005827 1.1271457 6.1005827 1.2271457 3 P 0
L 6.1005827 1.1271457 6.2225827 1.1271457 3 P 0
L 6.1005827 1.2271457 6.2225827 1.2271457 3 P 0
L 6.1035827 0.3431457 6.1035827 0.4171457 2 P 0
L 6.1035827 0.3431457 6.1085827 0.3431457 2 P 0
L 6.1035827 0.4171457 6.1085827 0.4171457 2 P 0
L 6.1085827 0.3301457 6.1085827 0.4301457 3 P 0
L 6.1085827 0.3301457 6.2305827 0.3301457 3 P 0
L 6.1085827 0.4301457 6.2305827 0.4301457 3 P 0
L 6.1175827 2.1635039 6.1475827 2.1635039 3 P 0
L 6.1325827 2.1485039 6.1325827 2.1785039 3 P 0
L 6.1645827 2.2335039 6.1645827 2.4535039 2 P 0
L 6.1645827 2.2335039 6.1685827 2.2385039 1 P 0
L 6.1645827 2.2335039 6.2905827 2.2335039 2 P 0
L 6.1645827 2.4535039 6.1685827 2.4485039 1 P 0
L 6.1645827 2.4535039 6.2905827 2.4535039 2 P 0
L 6.1685827 2.2385039 6.1685827 2.4485039 1 P 0
L 6.1685827 2.2385039 6.2865827 2.2385039 1 P 0
L 6.1685827 2.2735039 6.2865827 2.2735039 1 P 0
L 6.1685827 2.4485039 6.2865827 2.4485039 1 P 0
L 6.1775827 1.9841457 6.1775827 2.0341457 0 P 0
L 6.1775827 1.9841457 6.2575827 1.9841457 0 P 0
L 6.1775827 2.0341457 6.2575827 2.0341457 0 P 0
L 6.1775827 2.0641457 6.1775827 2.1141457 0 P 0
L 6.1775827 2.0641457 6.2575827 2.0641457 0 P 0
L 6.1775827 2.1141457 6.2575827 2.1141457 0 P 0
L 6.1835827 2.2295039 6.1835827 2.2335039 2 P 0
L 6.1835827 2.2295039 6.2115827 2.2295039 2 P 0
L 6.1835827 2.4535039 6.1835827 2.4575039 2 P 0
L 6.1835827 2.4575039 6.2715827 2.4575039 2 P 0
L 6.1935827 1.9841457 6.1935827 2.0341457 1 P 0
L 6.1935827 2.0641457 6.1935827 2.1141457 1 P 0
L 6.2115827 2.2295039 6.2115827 2.2335039 2 P 0
L 6.2225827 1.1271457 6.2225827 1.2271457 3 P 0
L 6.2225827 1.1401457 6.2275827 1.1401457 2 P 0
L 6.2225827 1.2141457 6.2275827 1.2141457 2 P 0
L 6.2275827 1.1401457 6.2275827 1.2141457 2 P 0
L 6.2305827 0.3301457 6.2305827 0.4301457 3 P 0
L 6.2305827 0.3431457 6.2355827 0.3431457 2 P 0
L 6.2305827 0.4171457 6.2355827 0.4171457 2 P 0
L 6.2355827 0.3431457 6.2355827 0.4171457 2 P 0
L 6.2415827 1.9841457 6.2415827 2.0341457 1 P 0
L 6.2415827 2.0641457 6.2415827 2.1141457 1 P 0
L 6.2435827 2.2295039 6.2435827 2.2335039 2 P 0
L 6.2435827 2.2295039 6.2715827 2.2295039 2 P 0
L 6.2575827 1.9841457 6.2575827 2.0341457 0 P 0
L 6.2575827 2.0641457 6.2575827 2.1141457 0 P 0
L 6.2715827 2.2295039 6.2715827 2.2335039 2 P 0
L 6.2715827 2.4535039 6.2715827 2.4575039 2 P 0
L 6.2865827 2.2385039 6.2865827 2.4485039 1 P 0
L 6.2865827 2.2385039 6.2905827 2.2335039 1 P 0
L 6.2865827 2.4485039 6.2905827 2.4535039 1 P 0
L 6.2905827 2.2335039 6.2905827 2.4535039 2 P 0
L 6.3575827 3.0741457 6.3575827 3.1241457 0 P 0
L 6.3575827 3.0741457 6.4375827 3.0741457 0 P 0
L 6.3575827 3.1241457 6.4375827 3.1241457 0 P 0
L 6.3575827 3.1421457 6.3575827 3.1921457 0 P 0
L 6.3575827 3.1421457 6.4375827 3.1421457 0 P 0
L 6.3575827 3.1921457 6.4375827 3.1921457 0 P 0
L 6.3575827 3.2141457 6.3575827 3.2641457 0 P 0
L 6.3575827 3.2141457 6.4375827 3.2141457 0 P 0
L 6.3575827 3.2641457 6.4375827 3.2641457 0 P 0
L 6.3575827 3.2841457 6.3575827 3.3341457 0 P 0
L 6.3575827 3.2841457 6.4375827 3.2841457 0 P 0
L 6.3575827 3.3341457 6.4375827 3.3341457 0 P 0
L 6.3735827 3.0741457 6.3735827 3.1241457 1 P 0
L 6.3735827 3.1421457 6.3735827 3.1921457 1 P 0
L 6.3735827 3.2141457 6.3735827 3.2641457 1 P 0
L 6.3735827 3.2841457 6.3735827 3.3341457 1 P 0
L 6.4215827 3.0741457 6.4215827 3.1241457 1 P 0
L 6.4215827 3.1421457 6.4215827 3.1921457 1 P 0
L 6.4215827 3.2141457 6.4215827 3.2641457 1 P 0
L 6.4215827 3.2841457 6.4215827 3.3341457 1 P 0
L 6.4375827 3.0741457 6.4375827 3.1241457 0 P 0
L 6.4375827 3.1421457 6.4375827 3.1921457 0 P 0
L 6.4375827 3.2141457 6.4375827 3.2641457 0 P 0
L 6.4375827 3.2841457 6.4375827 3.3341457 0 P 0
L 6.4865827 0.7851457 6.4865827 0.8651457 0 P 0
L 6.4865827 0.7851457 6.5365827 0.7851457 0 P 0
L 6.4865827 0.8011457 6.5365827 0.8011457 1 P 0
L 6.4865827 0.8491457 6.5365827 0.8491457 1 P 0
L 6.4865827 0.8651457 6.5365827 0.8651457 0 P 0
L 6.5365827 0.7851457 6.5365827 0.8651457 0 P 0
L 6.5495827 1.0881457 6.5795827 1.0881457 3 P 0
L 6.5545827 0.3421457 6.5545827 0.4301457 2 P 0
L 6.5545827 0.3421457 6.5585827 0.3421457 2 P 0
L 6.5545827 0.4301457 6.5585827 0.4301457 2 P 0
L 6.5585827 0.3231457 6.5585827 0.4491457 2 P 0
L 6.5585827 0.3231457 6.5635827 0.3271457 1 P 0
L 6.5585827 0.3231457 6.7785827 0.3231457 2 P 0
L 6.5585827 0.4491457 6.5635827 0.4451457 1 P 0
L 6.5585827 0.4491457 6.7785827 0.4491457 2 P 0
L 6.5635827 0.3271457 6.5635827 0.4451457 1 P 0
L 6.5635827 0.3271457 6.7735827 0.3271457 1 P 0
L 6.5635827 0.4451457 6.7735827 0.4451457 1 P 0
L 6.5645827 1.0731457 6.5645827 1.1031457 3 P 0
L 6.6305827 1.1391457 6.6305827 1.1671457 2 P 0
L 6.6305827 1.1391457 6.6345827 1.1391457 2 P 0
L 6.6305827 1.1671457 6.6345827 1.1671457 2 P 0
L 6.6305827 1.1991457 6.6305827 1.2271457 2 P 0
L 6.6305827 1.1991457 6.6345827 1.1991457 2 P 0
L 6.6305827 1.2271457 6.6345827 1.2271457 2 P 0
L 6.6345827 1.1201457 6.6345827 1.2461457 2 P 0
L 6.6345827 1.1201457 6.6395827 1.1241457 1 P 0
L 6.6345827 1.1201457 6.8545827 1.1201457 2 P 0
L 6.6345827 1.2461457 6.6395827 1.2421457 1 P 0
L 6.6345827 1.2461457 6.8545827 1.2461457 2 P 0
L 6.6395827 1.1241457 6.6395827 1.2421457 1 P 0
L 6.6395827 1.1241457 6.8495827 1.1241457 1 P 0
L 6.6395827 1.2421457 6.8495827 1.2421457 1 P 0
L 6.6745827 1.1241457 6.6745827 1.2421457 1 P 0
L 6.6775827 0.6351457 6.7075827 0.6351457 3 P 0
L 6.6925827 0.6201457 6.6925827 0.6501457 3 P 0
L 6.7385827 0.3271457 6.7385827 0.4451457 1 P 0
L 6.7505827 0.5871457 6.7505827 0.6831457 2 P 0
L 6.7505827 0.5871457 6.7525827 0.5871457 2 P 0
L 6.7505827 0.6831457 6.7525827 0.6831457 2 P 0
L 6.7525827 0.5551457 6.7525827 0.7151457 2 P 0
L 6.7525827 0.5551457 6.7575827 0.5601457 1 P 0
L 6.7525827 0.5551457 7.0425827 0.5551457 2 P 0
L 6.7525827 0.7151457 6.7575827 0.7101457 1 P 0
L 6.7525827 0.7151457 7.0425827 0.7151457 2 P 0
L 6.7575827 0.5601457 6.7575827 0.7101457 1 P 0
L 6.7575827 0.5601457 7.0375827 0.5601457 1 P 0
L 6.7575827 0.7101457 7.0375827 0.7101457 1 P 0
L 6.7735827 0.3271457 6.7735827 0.4451457 1 P 0
L 6.7735827 0.3271457 6.7785827 0.3231457 1 P 0
L 6.7735827 0.4451457 6.7785827 0.4491457 1 P 0
L 6.7785827 0.3231457 6.7785827 0.4491457 2 P 0
L 6.7785827 0.3421457 6.7825827 0.3421457 2 P 0
L 6.7785827 0.3701457 6.7825827 0.3701457 2 P 0
L 6.7785827 0.4021457 6.7825827 0.4021457 2 P 0
L 6.7785827 0.4301457 6.7825827 0.4301457 2 P 0
L 6.7825827 0.3421457 6.7825827 0.3701457 2 P 0
L 6.7825827 0.4021457 6.7825827 0.4301457 2 P 0
L 6.8335827 0.4811457 6.8635827 0.4811457 3 P 0
L 6.8485827 0.4661457 6.8485827 0.4961457 3 P 0
L 6.8495827 1.1241457 6.8495827 1.2421457 1 P 0
L 6.8495827 1.1241457 6.8545827 1.1201457 1 P 0
L 6.8495827 1.2421457 6.8545827 1.2461457 1 P 0
L 6.8545827 1.1201457 6.8545827 1.2461457 2 P 0
L 6.8545827 1.1391457 6.8585827 1.1391457 2 P 0
L 6.8545827 1.2271457 6.8585827 1.2271457 2 P 0
L 6.8585827 1.1391457 6.8585827 1.2271457 2 P 0
L 6.865 2.06 6.865 2.14 0 P 0
L 6.865 2.06 6.915 2.06 0 P 0
L 6.865 2.076 6.915 2.076 1 P 0
L 6.865 2.124 6.915 2.124 1 P 0
L 6.865 2.14 6.915 2.14 0 P 0
L 6.915 2.06 6.915 2.14 0 P 0
L 6.9535827 3.0821457 6.9535827 3.1621457 0 P 0
L 6.9535827 3.0821457 7.0035827 3.0821457 0 P 0
L 6.9535827 3.0981457 7.0035827 3.0981457 1 P 0
L 6.9535827 3.1461457 7.0035827 3.1461457 1 P 0
L 6.9535827 3.1621457 7.0035827 3.1621457 0 P 0
L 6.9915827 0.3891457 6.9915827 0.4691457 0 P 0
L 6.9915827 0.3891457 7.0415827 0.3891457 0 P 0
L 6.9915827 0.4051457 7.0415827 0.4051457 1 P 0
L 6.9915827 0.4531457 7.0415827 0.4531457 1 P 0
L 6.9915827 0.4691457 7.0415827 0.4691457 0 P 0
L 7.0035827 3.0821457 7.0035827 3.1621457 0 P 0
L 7.0375827 0.5601457 7.0375827 0.7101457 1 P 0
L 7.0375827 0.5601457 7.0425827 0.5551457 1 P 0
L 7.0375827 0.7101457 7.0425827 0.7151457 1 P 0
L 7.0415827 0.3891457 7.0415827 0.4691457 0 P 0
L 7.0425827 0.5551457 7.0425827 0.7151457 2 P 0
L 7.0425827 0.5871457 7.0445827 0.5871457 2 P 0
L 7.0425827 0.6831457 7.0445827 0.6831457 2 P 0
L 7.0445827 0.5871457 7.0445827 0.6831457 2 P 0
L 7.144315 2.125 7.144315 2.205 0 P 0
L 7.144315 2.125 7.194315 2.125 0 P 0
L 7.144315 2.141 7.194315 2.141 1 P 0
L 7.144315 2.189 7.194315 2.189 1 P 0
L 7.144315 2.205 7.194315 2.205 0 P 0
L 7.194315 2.125 7.194315 2.205 0 P 0
L 7.3145827 0.6271457 7.3145827 0.9171457 2 P 0
L 7.3145827 0.6271457 7.3195827 0.6321457 1 P 0
L 7.3145827 0.6271457 7.4745827 0.6271457 2 P 0
L 7.3145827 0.9171457 7.3195827 0.9121457 1 P 0
L 7.3145827 0.9171457 7.4745827 0.9171457 2 P 0
L 7.3195827 0.6321457 7.3195827 0.9121457 1 P 0
L 7.3195827 0.6321457 7.4695827 0.6321457 1 P 0
L 7.3195827 0.9121457 7.4695827 0.9121457 1 P 0
L 7.3465827 0.6251457 7.3465827 0.6271457 2 P 0
L 7.3465827 0.6251457 7.4425827 0.6251457 2 P 0
L 7.3465827 0.9171457 7.3465827 0.9191457 2 P 0
L 7.3465827 0.9191457 7.4425827 0.9191457 2 P 0
L 7.3795827 0.9771457 7.4095827 0.9771457 3 P 0
L 7.3945827 0.9621457 7.3945827 0.9921457 3 P 0
L 7.4425827 0.6251457 7.4425827 0.6271457 2 P 0
L 7.4425827 0.9171457 7.4425827 0.9191457 2 P 0
L 7.4695827 0.6321457 7.4695827 0.9121457 1 P 0
L 7.4695827 0.6321457 7.4745827 0.6271457 1 P 0
L 7.4695827 0.9121457 7.4745827 0.9171457 1 P 0
L 7.4745827 0.6271457 7.4745827 0.9171457 2 P 0
L 7.54 2.148 7.54 2.166 1 P 0
L 7.54 2.148 7.562 2.148 1 P 0
L 7.54 2.166 7.562 2.166 1 P 0
L 7.547 2.148 7.547 2.166 1 P 0
L 7.553 2.153 7.553 2.161 1 P 0
L 7.562 2.1 7.562 2.214 0 P 0
L 7.562 2.1 7.612 2.1 0 P 0
L 7.562 2.214 7.612 2.214 0 P 0
L 7.612 2.1 7.612 2.214 0 P 0
L 7.612 2.111 7.634 2.111 1 P 0
L 7.612 2.129 7.634 2.129 1 P 0
L 7.612 2.185 7.634 2.185 1 P 0
L 7.612 2.203 7.634 2.203 1 P 0
L 7.621 2.116 7.621 2.124 1 P 0
L 7.621 2.19 7.621 2.198 1 P 0
L 7.627 2.111 7.627 2.129 1 P 0
L 7.627 2.185 7.627 2.203 1 P 0
L 7.634 2.111 7.634 2.129 1 P 0
L 7.634 2.185 7.634 2.203 1 P 0
L 7.693 2.181 7.693 2.199 1 P 0
L 7.693 2.181 7.715 2.181 1 P 0
L 7.693 2.199 7.715 2.199 1 P 0
L 7.7 2.181 7.7 2.199 1 P 0
L 7.706 2.186 7.706 2.194 1 P 0
L 7.715 2.133 7.715 2.247 0 P 0
L 7.715 2.133 7.765 2.133 0 P 0
L 7.715 2.247 7.765 2.247 0 P 0
L 7.765 2.133 7.765 2.247 0 P 0
L 7.765 2.144 7.787 2.144 1 P 0
L 7.765 2.162 7.787 2.162 1 P 0
L 7.765 2.218 7.787 2.218 1 P 0
L 7.765 2.236 7.787 2.236 1 P 0
L 7.774 2.149 7.774 2.157 1 P 0
L 7.774 2.223 7.774 2.231 1 P 0
L 7.78 2.144 7.78 2.162 1 P 0
L 7.78 2.218 7.78 2.236 1 P 0
L 7.787 2.144 7.787 2.162 1 P 0
L 7.787 2.218 7.787 2.236 1 P 0
L 7.788 2.383 7.788 2.463 0 P 0
L 7.788 2.383 7.838 2.383 0 P 0
L 7.788 2.399 7.838 2.399 1 P 0
L 7.788 2.447 7.838 2.447 1 P 0
L 7.788 2.463 7.838 2.463 0 P 0
L 7.838 2.383 7.838 2.463 0 P 0
L 7.907 0.647 7.907 0.727 0 P 0
L 7.907 0.647 7.957 0.647 0 P 0
L 7.907 0.663 7.957 0.663 1 P 0
L 7.907 0.711 7.957 0.711 1 P 0
L 7.907 0.727 7.957 0.727 0 P 0
L 7.957 0.647 7.957 0.727 0 P 0
P 5.7875826 2.1067733 4 P 0 0
P 5.9316026 1.1487843 4 P 0 0
P 5.9375828 0.5857945 4 P 0 0
P 6.2275312 2.2559777 4 P 0 0
P 6.6570032 1.1831457 5 P 0 0
P 6.756286 0.3861287 5 P 0 0
P 6.797504 0.6351457 6 P 0 0
P 7.3945828 0.8722143 7 P 0 0
