#Layer_Color=32768
#
#Feature symbol names
#
$0 r6
$1 r2
$2 r7
$3 r4
$4 r5
$5 rect150x80

#
#Feature attribute names
#

#
#Layer features
#
L 0.7867717 2.5306062 0.7867717 2.5806062 0 P 0
L 0.7867717 2.5306062 0.8667717 2.5306062 0 P 0
L 0.7867717 2.5806062 0.8667717 2.5806062 0 P 0
L 0.8027717 2.5306062 0.8027717 2.5806062 1 P 0
L 0.8507717 2.5306062 0.8507717 2.5806062 1 P 0
L 0.8667717 2.5306062 0.8667717 2.5806062 0 P 0
L 0.9060394 2.025 0.9060394 2.075 0 P 0
L 0.9060394 2.025 0.9860394 2.025 0 P 0
L 0.9060394 2.075 0.9860394 2.075 0 P 0
L 0.9060394 2.0955001 0.9060394 2.1455001 0 P 0
L 0.9060394 2.0955001 0.9860394 2.0955001 0 P 0
L 0.9060394 2.1455001 0.9860394 2.1455001 0 P 0
L 0.9220394 2.025 0.9220394 2.075 1 P 0
L 0.9220394 2.0955001 0.9220394 2.1455001 1 P 0
L 0.9700394 2.025 0.9700394 2.075 1 P 0
L 0.9700394 2.0955001 0.9700394 2.1455001 1 P 0
L 0.9860394 2.025 0.9860394 2.075 0 P 0
L 0.9860394 2.0955001 0.9860394 2.1455001 0 P 0
L 1.065 2.025 1.065 2.075 0 P 0
L 1.065 2.025 1.145 2.025 0 P 0
L 1.065 2.075 1.145 2.075 0 P 0
L 1.065 2.0955001 1.065 2.1455001 0 P 0
L 1.065 2.0955001 1.145 2.0955001 0 P 0
L 1.065 2.1455001 1.145 2.1455001 0 P 0
L 1.081 2.025 1.081 2.075 1 P 0
L 1.081 2.0955001 1.081 2.1455001 1 P 0
L 1.129 2.025 1.129 2.075 1 P 0
L 1.129 2.0955001 1.129 2.1455001 1 P 0
L 1.145 2.025 1.145 2.075 0 P 0
L 1.145 2.0955001 1.145 2.1455001 0 P 0
L 1.51 1.4720866 1.51 1.5520866 0 P 0
L 1.51 1.4720866 1.56 1.4720866 0 P 0
L 1.51 1.4880866 1.56 1.4880866 1 P 0
L 1.51 1.5360866 1.56 1.5360866 1 P 0
L 1.51 1.5520866 1.56 1.5520866 0 P 0
L 1.51 1.635 1.51 1.715 0 P 0
L 1.51 1.635 1.56 1.635 0 P 0
L 1.51 1.651 1.56 1.651 1 P 0
L 1.51 1.699 1.56 1.699 1 P 0
L 1.51 1.715 1.56 1.715 0 P 0
L 1.56 1.4720866 1.56 1.5520866 0 P 0
L 1.56 1.635 1.56 1.715 0 P 0
L 1.585 1.4725039 1.585 1.5525039 0 P 0
L 1.585 1.4725039 1.635 1.4725039 0 P 0
L 1.585 1.4885039 1.635 1.4885039 1 P 0
L 1.585 1.5365039 1.635 1.5365039 1 P 0
L 1.585 1.5525039 1.635 1.5525039 0 P 0
L 1.585 1.635 1.585 1.715 0 P 0
L 1.585 1.635 1.635 1.635 0 P 0
L 1.585 1.651 1.635 1.651 1 P 0
L 1.585 1.699 1.635 1.699 1 P 0
L 1.585 1.715 1.635 1.715 0 P 0
L 1.635 1.4725039 1.635 1.5525039 0 P 0
L 1.635 1.635 1.635 1.715 0 P 0
L 2.03 1.3537402 2.03 1.4037402 0 P 0
L 2.03 1.3537402 2.11 1.3537402 0 P 0
L 2.03 1.4037402 2.11 1.4037402 0 P 0
L 2.0314142 1.4265748 2.0314142 1.4765748 0 P 0
L 2.0314142 1.4265748 2.1114142 1.4265748 0 P 0
L 2.0314142 1.4765748 2.1114142 1.4765748 0 P 0
L 2.046 1.3537402 2.046 1.4037402 1 P 0
L 2.0474142 1.4265748 2.0474142 1.4765748 1 P 0
L 2.094 1.3537402 2.094 1.4037402 1 P 0
L 2.0954142 1.4265748 2.0954142 1.4765748 1 P 0
L 2.11 1.3537402 2.11 1.4037402 0 P 0
L 2.1114142 1.4265748 2.1114142 1.4765748 0 P 0
L 2.1264142 0.3115 2.1264142 0.6015 3 P 0
L 2.1264142 0.3115 2.1314142 0.3165 1 P 0
L 2.1264142 0.3115 2.2864142 0.3115 3 P 0
L 2.1264142 0.6015 2.1314142 0.5965 1 P 0
L 2.1264142 0.6015 2.2864142 0.6015 3 P 0
L 2.1314142 0.3165 2.1314142 0.5965 1 P 0
L 2.1314142 0.3165 2.2814142 0.3165 1 P 0
L 2.1314142 0.5965 2.2814142 0.5965 1 P 0
L 2.1584142 0.3095 2.1584142 0.3115 3 P 0
L 2.1584142 0.3095 2.2544142 0.3095 3 P 0
L 2.1584142 0.6015 2.1584142 0.6035 3 P 0
L 2.1584142 0.6035 2.2544142 0.6035 3 P 0
L 2.18 0.93 2.18 1.01 0 P 0
L 2.18 0.93 2.23 0.93 0 P 0
L 2.18 0.946 2.23 0.946 1 P 0
L 2.18 0.994 2.23 0.994 1 P 0
L 2.18 1.01 2.23 1.01 0 P 0
L 2.1914142 0.6615 2.2214142 0.6615 2 P 0
L 2.2064142 0.6465 2.2064142 0.6765 2 P 0
L 2.23 0.93 2.23 1.01 0 P 0
L 2.2434646 2.5340551 2.2434646 2.5840551 0 P 0
L 2.2434646 2.5340551 2.3234646 2.5340551 0 P 0
L 2.2434646 2.5840551 2.3234646 2.5840551 0 P 0
L 2.2544142 0.3095 2.2544142 0.3115 3 P 0
L 2.2544142 0.6015 2.2544142 0.6035 3 P 0
L 2.2594646 2.5340551 2.2594646 2.5840551 1 P 0
L 2.2814142 0.3165 2.2814142 0.5965 1 P 0
L 2.2814142 0.3165 2.2864142 0.3115 1 P 0
L 2.2814142 0.5965 2.2864142 0.6015 1 P 0
L 2.2864142 0.3115 2.2864142 0.6015 3 P 0
L 2.3074646 2.5340551 2.3074646 2.5840551 1 P 0
L 2.3234646 2.5340551 2.3234646 2.5840551 0 P 0
L 2.3615748 2.038004 2.3615748 2.088004 0 P 0
L 2.3615748 2.038004 2.4415748 2.038004 0 P 0
L 2.3615748 2.088004 2.4415748 2.088004 0 P 0
L 2.3615748 2.119 2.3615748 2.169 0 P 0
L 2.3615748 2.119 2.4415748 2.119 0 P 0
L 2.3615748 2.169 2.4415748 2.169 0 P 0
L 2.3775748 2.038004 2.3775748 2.088004 1 P 0
L 2.3775748 2.119 2.3775748 2.169 1 P 0
L 2.4255748 2.038004 2.4255748 2.088004 1 P 0
L 2.4255748 2.119 2.4255748 2.169 1 P 0
L 2.4415748 2.038004 2.4415748 2.088004 0 P 0
L 2.4415748 2.119 2.4415748 2.169 0 P 0
L 2.52 1.3537402 2.52 1.4037402 0 P 0
L 2.52 1.3537402 2.6 1.3537402 0 P 0
L 2.52 1.4037402 2.6 1.4037402 0 P 0
L 2.52 1.43 2.52 1.48 0 P 0
L 2.52 1.43 2.6 1.43 0 P 0
L 2.52 1.48 2.6 1.48 0 P 0
L 2.524685 2.038004 2.524685 2.088004 0 P 0
L 2.524685 2.038004 2.604685 2.038004 0 P 0
L 2.524685 2.088004 2.604685 2.088004 0 P 0
L 2.5260992 2.119 2.5260992 2.169 0 P 0
L 2.5260992 2.119 2.6060992 2.119 0 P 0
L 2.5260992 2.169 2.6060992 2.169 0 P 0
L 2.536 1.3537402 2.536 1.4037402 1 P 0
L 2.536 1.43 2.536 1.48 1 P 0
L 2.540685 2.038004 2.540685 2.088004 1 P 0
L 2.5420992 2.119 2.5420992 2.169 1 P 0
L 2.584 1.3537402 2.584 1.4037402 1 P 0
L 2.584 1.43 2.584 1.48 1 P 0
L 2.588685 2.038004 2.588685 2.088004 1 P 0
L 2.5900992 2.119 2.5900992 2.169 1 P 0
L 2.6 1.3537402 2.6 1.4037402 0 P 0
L 2.6 1.43 2.6 1.48 0 P 0
L 2.604685 2.038004 2.604685 2.088004 0 P 0
L 2.6060992 2.119 2.6060992 2.169 0 P 0
L 2.9 0.565 2.9 0.855 3 P 0
L 2.9 0.565 2.905 0.57 1 P 0
L 2.9 0.565 3.06 0.565 3 P 0
L 2.9 0.855 2.905 0.85 1 P 0
L 2.9 0.855 3.06 0.855 3 P 0
L 2.905 0.57 2.905 0.85 1 P 0
L 2.905 0.57 3.055 0.57 1 P 0
L 2.905 0.85 3.055 0.85 1 P 0
L 2.932 0.563 2.932 0.565 3 P 0
L 2.932 0.563 3.028 0.563 3 P 0
L 2.932 0.855 2.932 0.857 3 P 0
L 2.932 0.857 3.028 0.857 3 P 0
L 2.965 0.505 2.995 0.505 2 P 0
L 2.98 0.49 2.98 0.52 2 P 0
L 3.028 0.563 3.028 0.565 3 P 0
L 3.028 0.855 3.028 0.857 3 P 0
L 3.055 0.57 3.055 0.85 1 P 0
L 3.055 0.57 3.06 0.565 1 P 0
L 3.055 0.85 3.06 0.855 1 P 0
L 3.06 0.565 3.06 0.855 3 P 0
L 3.215 1.48767 3.215 1.56767 0 P 0
L 3.215 1.48767 3.265 1.48767 0 P 0
L 3.215 1.50367 3.265 1.50367 1 P 0
L 3.215 1.55167 3.265 1.55167 1 P 0
L 3.215 1.56767 3.265 1.56767 0 P 0
L 3.265 1.48767 3.265 1.56767 0 P 0
L 3.29 0.909225 3.29 0.989225 0 P 0
L 3.29 0.909225 3.34 0.909225 0 P 0
L 3.29 0.925225 3.34 0.925225 1 P 0
L 3.29 0.973225 3.34 0.973225 1 P 0
L 3.29 0.989225 3.34 0.989225 0 P 0
L 3.2914142 0.3930709 3.2914142 0.4730709 0 P 0
L 3.2914142 0.3930709 3.3414142 0.3930709 0 P 0
L 3.2914142 0.4090709 3.3414142 0.4090709 1 P 0
L 3.2914142 0.4570709 3.3414142 0.4570709 1 P 0
L 3.2914142 0.4730709 3.3414142 0.4730709 0 P 0
L 3.3064567 0.6533353 3.3064567 0.7033353 0 P 0
L 3.3064567 0.6533353 3.3864567 0.6533353 0 P 0
L 3.3064567 0.7033353 3.3864567 0.7033353 0 P 0
L 3.32 0.26 3.32 0.31 0 P 0
L 3.32 0.26 3.4 0.26 0 P 0
L 3.32 0.31 3.4 0.31 0 P 0
L 3.32 1.06 3.32 1.11 0 P 0
L 3.32 1.06 3.4 1.06 0 P 0
L 3.32 1.11 3.4 1.11 0 P 0
L 3.3224567 0.6533353 3.3224567 0.7033353 1 P 0
L 3.336 0.26 3.336 0.31 1 P 0
L 3.336 1.06 3.336 1.11 1 P 0
L 3.34 0.909225 3.34 0.989225 0 P 0
L 3.3414142 0.3930709 3.3414142 0.4730709 0 P 0
L 3.3704567 0.6533353 3.3704567 0.7033353 1 P 0
L 3.384 0.26 3.384 0.31 1 P 0
L 3.384 1.06 3.384 1.11 1 P 0
L 3.3864567 0.6533353 3.3864567 0.7033353 0 P 0
L 3.4 0.26 3.4 0.31 0 P 0
L 3.4 1.06 3.4 1.11 0 P 0
L 3.995 1.884 3.995 1.934 0 P 0
L 3.995 1.884 4.075 1.884 0 P 0
L 3.995 1.934 4.075 1.934 0 P 0
L 4.011 1.884 4.011 1.934 1 P 0
L 4.059 1.884 4.059 1.934 1 P 0
L 4.075 1.884 4.075 1.934 0 P 0
L 4.355 1.885 4.355 1.935 0 P 0
L 4.355 1.885 4.435 1.885 0 P 0
L 4.355 1.935 4.435 1.935 0 P 0
L 4.371 1.885 4.371 1.935 1 P 0
L 4.419 1.885 4.419 1.935 1 P 0
L 4.435 1.885 4.435 1.935 0 P 0
L 4.53 1.915 4.53 1.995 0 P 0
L 4.53 1.915 4.58 1.915 0 P 0
L 4.53 1.931 4.58 1.931 1 P 0
L 4.53 1.979 4.58 1.979 1 P 0
L 4.53 1.995 4.58 1.995 0 P 0
L 4.58 1.915 4.58 1.995 0 P 0
L 4.7244095 0 6.2992126 0 4 P 0
L 4.9383465 0.564225 4.9383465 0.644225 0 P 0
L 4.9383465 0.564225 4.9883465 0.564225 0 P 0
L 4.9383465 0.580225 4.9883465 0.580225 1 P 0
L 4.9383465 0.628225 4.9883465 0.628225 1 P 0
L 4.9383465 0.644225 4.9883465 0.644225 0 P 0
L 4.9483465 0.954225 4.9483465 1.034225 0 P 0
L 4.9483465 0.954225 4.9983465 0.954225 0 P 0
L 4.9483465 0.970225 4.9983465 0.970225 1 P 0
L 4.9483465 1.018225 4.9983465 1.018225 1 P 0
L 4.9483465 1.034225 4.9983465 1.034225 0 P 0
L 4.9883465 0.564225 4.9883465 0.644225 0 P 0
L 4.9983465 0.954225 4.9983465 1.034225 0 P 0
L 5.0907953 1.5505676 5.0907953 1.5685676 1 P 0
L 5.0907953 1.5505676 5.1127953 1.5505676 1 P 0
L 5.0907953 1.5685676 5.1127953 1.5685676 1 P 0
L 5.0907953 1.7305676 5.0907953 1.7485676 1 P 0
L 5.0907953 1.7305676 5.1127953 1.7305676 1 P 0
L 5.0907953 1.7485676 5.1127953 1.7485676 1 P 0
L 5.0977953 1.5505676 5.0977953 1.5685676 1 P 0
L 5.0977953 1.7305676 5.0977953 1.7485676 1 P 0
L 5.1037953 1.5555676 5.1037953 1.5635676 1 P 0
L 5.1037953 1.7355676 5.1037953 1.7435676 1 P 0
L 5.1127953 1.5025676 5.1127953 1.6165676 0 P 0
L 5.1127953 1.5025676 5.1627953 1.5025676 0 P 0
L 5.1127953 1.6165676 5.1627953 1.6165676 0 P 0
L 5.1127953 1.6825676 5.1127953 1.7965676 0 P 0
L 5.1127953 1.6825676 5.1627953 1.6825676 0 P 0
L 5.1127953 1.7965676 5.1627953 1.7965676 0 P 0
L 5.1627953 1.5025676 5.1627953 1.6165676 0 P 0
L 5.1627953 1.5135676 5.1847953 1.5135676 1 P 0
L 5.1627953 1.5315676 5.1847953 1.5315676 1 P 0
L 5.1627953 1.5875676 5.1847953 1.5875676 1 P 0
L 5.1627953 1.6055676 5.1847953 1.6055676 1 P 0
L 5.1627953 1.6825676 5.1627953 1.7965676 0 P 0
L 5.1627953 1.6935676 5.1847953 1.6935676 1 P 0
L 5.1627953 1.7115676 5.1847953 1.7115676 1 P 0
L 5.1627953 1.7675676 5.1847953 1.7675676 1 P 0
L 5.1627953 1.7855676 5.1847953 1.7855676 1 P 0
L 5.1717953 1.5185676 5.1717953 1.5265676 1 P 0
L 5.1717953 1.5925676 5.1717953 1.6005676 1 P 0
L 5.1717953 1.6985676 5.1717953 1.7065676 1 P 0
L 5.1717953 1.7725676 5.1717953 1.7805676 1 P 0
L 5.1777953 1.5135676 5.1777953 1.5315676 1 P 0
L 5.1777953 1.5875676 5.1777953 1.6055676 1 P 0
L 5.1777953 1.6935676 5.1777953 1.7115676 1 P 0
L 5.1777953 1.7675676 5.1777953 1.7855676 1 P 0
L 5.1847953 1.5135676 5.1847953 1.5315676 1 P 0
L 5.1847953 1.5875676 5.1847953 1.6055676 1 P 0
L 5.1847953 1.6935676 5.1847953 1.7115676 1 P 0
L 5.1847953 1.7675676 5.1847953 1.7855676 1 P 0
P 2.2063673 0.5564602 5 P 0 0
P 2.9800449 0.6100358 5 P 0 0
