#Layer_Color=16711935
#
#Feature symbol names
#
$0 r25
$1 r3.937

#
#Feature attribute names
#

#
#Layer features
#
A 0.310242 5.7430787 0.410242 5.6430787 0.410242 5.7430787 0 P 0 N
A 0.3147581 3.6323564 0.4147581 3.5323564 0.4147581 3.6323564 0 P 0 N
A 0.315242 3.6323564 0.415242 3.5323564 0.415242 3.6323564 0 P 0 N
A 0.410242 6.6521145 0.310242 6.5521145 0.410242 6.5521145 0 P 0 N
A 0.410242 6.6521145 0.310242 6.5521145 0.410242 6.5521145 0 P 0 N
A 0.4147581 4.5413922 0.3147581 4.4413922 0.4147581 4.4413922 0 P 0 N
A 0.960242 5.6425984 1.060242 5.7425984 0.960242 5.7425984 0 P 0 N
A 0.9647581 3.5318761 1.0647581 3.6318761 0.9647581 3.6318761 0 P 0 N
A 0.965242 3.5328403 1.065242 3.6328403 0.965242 3.6328403 0 P 0 N
A 1.060242 6.5525984 0.960242 6.6525984 0.960242 6.5525984 0 P 0 N
A 1.060242 6.5525984 0.960242 6.6525984 0.960242 6.5525984 0 P 0 N
A 1.0647581 4.4418761 0.9647581 4.5418761 0.9647581 4.4418761 0 P 0 N
A 1.6947581 3.6223564 1.7947581 3.5223564 1.7947581 3.6223564 0 P 0 N
A 1.695242 3.6223564 1.795242 3.5223564 1.795242 3.6223564 0 P 0 N
A 1.710242 5.7430787 1.810242 5.6430787 1.810242 5.7430787 0 P 0 N
A 1.7947581 4.5313922 1.6947581 4.4313922 1.7947581 4.4313922 0 P 0 N
A 1.810242 6.6521145 1.710242 6.5521145 1.810242 6.5521145 0 P 0 N
A 1.810242 6.6521145 1.710242 6.5521145 1.810242 6.5521145 0 P 0 N
A 2.3447581 3.5218761 2.4447581 3.6218761 2.3447581 3.6218761 0 P 0 N
A 2.345242 3.5228403 2.445242 3.6228403 2.345242 3.6228403 0 P 0 N
A 2.360242 5.6425984 2.460242 5.7425984 2.360242 5.7425984 0 P 0 N
A 2.4447581 4.4318761 2.3447581 4.5318761 2.3447581 4.4318761 0 P 0 N
A 2.460242 6.5525984 2.360242 6.6525984 2.360242 6.5525984 0 P 0 N
A 2.460242 6.5525984 2.360242 6.6525984 2.360242 6.5525984 0 P 0 N
A 3.134758 5.7333207 3.234758 5.6333207 3.234758 5.7333207 0 P 0 N
A 3.234758 6.6423565 3.134758 6.5423565 3.234758 6.5423565 0 P 0 N
A 3.234758 6.6423565 3.134758 6.5423565 3.234758 6.5423565 0 P 0 N
A 3.784758 5.6328404 3.884758 5.7328404 3.784758 5.7328404 0 P 0 N
A 3.884758 6.5428404 3.784758 6.6428404 3.784758 6.5428404 0 P 0 N
A 3.884758 6.5428404 3.784758 6.6428404 3.784758 6.5428404 0 P 0 N
A 4.494758 5.7433207 4.594758 5.6433207 4.594758 5.7433207 0 P 0 N
A 4.594758 6.6523565 4.494758 6.5523565 4.594758 6.5523565 0 P 0 N
A 4.594758 6.6523565 4.494758 6.5523565 4.594758 6.5523565 0 P 0 N
A 4.6347581 3.6223564 4.7347581 3.5223564 4.7347581 3.6223564 0 P 0 N
A 4.635242 3.6223564 4.735242 3.5223564 4.735242 3.6223564 0 P 0 N
A 4.7347581 4.5313922 4.6347581 4.4313922 4.7347581 4.4313922 0 P 0 N
A 5.144758 5.6428404 5.244758 5.7428404 5.144758 5.7428404 0 P 0 N
A 5.244758 6.5528404 5.144758 6.6528404 5.144758 6.5528404 0 P 0 N
A 5.244758 6.5528404 5.144758 6.6528404 5.144758 6.5528404 0 P 0 N
A 5.2847581 3.5218761 5.3847581 3.6218761 5.2847581 3.6218761 0 P 0 N
A 5.285242 3.5228403 5.385242 3.6228403 5.285242 3.6228403 0 P 0 N
A 5.3847581 4.4318761 5.2847581 4.5318761 5.2847581 4.4318761 0 P 0 N
A 5.855242 3.6323564 5.955242 3.5323564 5.955242 3.6323564 0 P 0 N
A 5.855242 3.6323564 5.955242 3.5323564 5.955242 3.6323564 0 P 0 N
A 5.894758 5.7533207 5.994758 5.6533207 5.994758 5.7533207 0 P 0 N
A 5.955242 4.5413922 5.855242 4.4413922 5.955242 4.4413922 0 P 0 N
A 5.994758 6.6623565 5.894758 6.5623565 5.994758 6.5623565 0 P 0 N
A 5.994758 6.6623565 5.894758 6.5623565 5.994758 6.5623565 0 P 0 N
A 6.505242 3.5318761 6.605242 3.6318761 6.505242 3.6318761 0 P 0 N
A 6.505242 3.5328403 6.605242 3.6328403 6.505242 3.6328403 0 P 0 N
A 6.544758 5.6528404 6.644758 5.7528404 6.544758 5.7528404 0 P 0 N
A 6.605242 4.4418761 6.505242 4.5418761 6.505242 4.4418761 0 P 0 N
A 6.644758 6.5628404 6.544758 6.6628404 6.544758 6.5628404 0 P 0 N
A 6.644758 6.5628404 6.544758 6.6628404 6.544758 6.5628404 0 P 0 N
A 7.234758 5.7433207 7.334758 5.6433207 7.334758 5.7433207 0 P 0 N
A 7.2447581 3.6423564 7.3447581 3.5423564 7.3447581 3.6423564 0 P 0 N
A 7.245242 3.6423564 7.345242 3.5423564 7.345242 3.6423564 0 P 0 N
A 7.334758 6.6523565 7.234758 6.5523565 7.334758 6.5523565 0 P 0 N
A 7.334758 6.6523565 7.234758 6.5523565 7.334758 6.5523565 0 P 0 N
A 7.3447581 4.5513922 7.2447581 4.4513922 7.3447581 4.4513922 0 P 0 N
A 7.884758 5.6428404 7.984758 5.7428404 7.884758 5.7428404 0 P 0 N
A 7.8947581 3.5418761 7.9947581 3.6418761 7.8947581 3.6418761 0 P 0 N
A 7.895242 3.5428403 7.995242 3.6428403 7.895242 3.6428403 0 P 0 N
A 7.984758 6.5528404 7.884758 6.6528404 7.884758 6.5528404 0 P 0 N
A 7.984758 6.5528404 7.884758 6.6528404 7.884758 6.5528404 0 P 0 N
A 7.9947581 4.4518761 7.8947581 4.5518761 7.8947581 4.4518761 0 P 0 N
L 0 0 0 10.1830709 0 P 0
L 0 0 8.4 0 0 P 0
L 0 10.1830709 8.4 10.1830709 0 P 0
L 0.310242 5.7430787 0.310242 6.5521145 0 P 0
L 0.3147581 3.6323564 0.3147581 4.4413922 0 P 0
L 0.4107259 6.6525984 0.960242 6.6525984 0 P 0
L 0.4107259 6.6525984 0.960242 6.6525984 0 P 0
L 0.4112085 5.6425984 0.960242 5.6425984 0 P 0
L 0.415242 3.5323564 0.9647581 3.5323564 0 P 0
L 0.415242 4.5418761 0.9647581 4.5418761 0 P 0
L 0.4157246 3.5318761 0.9647581 3.5318761 0 P 0
L 1.060242 5.7425984 1.060242 6.5525984 0 P 0
L 1.0647581 3.6318761 1.0647581 4.4418761 0 P 0
L 1.6947581 3.6223564 1.6947581 4.4313922 0 P 0
L 1.710242 5.7430787 1.710242 6.5521145 0 P 0
L 1.795242 3.5223564 2.3447581 3.5223564 0 P 0
L 1.795242 4.5318761 2.3447581 4.5318761 0 P 0
L 1.7957246 3.5218761 2.3447581 3.5218761 0 P 0
L 1.8107259 6.6525984 2.360242 6.6525984 0 P 0
L 1.8107259 6.6525984 2.360242 6.6525984 0 P 0
L 1.8112085 5.6425984 2.360242 5.6425984 0 P 0
L 2.4447581 3.6218761 2.4447581 4.4318761 0 P 0
L 2.460242 5.7425984 2.460242 6.5525984 0 P 0
L 3.134758 5.7333207 3.134758 6.5423565 0 P 0
L 3.2352419 6.6428404 3.784758 6.6428404 0 P 0
L 3.2352419 6.6428404 3.784758 6.6428404 0 P 0
L 3.2357245 5.6328404 3.784758 5.6328404 0 P 0
L 3.884758 5.7328404 3.884758 6.5428404 0 P 0
L 4.4669293 1.0373228 4.4826773 1.0373228 1 P 0
L 4.4748033 1.0294488 4.4748033 1.0451968 1 P 0
L 4.494758 5.7433207 4.494758 6.5523565 0 P 0
L 4.5952419 6.6528404 5.144758 6.6528404 0 P 0
L 4.5952419 6.6528404 5.144758 6.6528404 0 P 0
L 4.5957245 5.6428404 5.144758 5.6428404 0 P 0
L 4.6347581 3.6223564 4.6347581 4.4313922 0 P 0
L 4.735242 3.5223564 5.2847581 3.5223564 0 P 0
L 4.735242 4.5318761 5.2847581 4.5318761 0 P 0
L 4.7357246 3.5218761 5.2847581 3.5218761 0 P 0
L 5.244758 5.7428404 5.244758 6.5528404 0 P 0
L 5.3847581 3.6218761 5.3847581 4.4318761 0 P 0
L 5.855242 3.6323564 5.855242 4.4413922 0 P 0
L 5.894758 5.7533207 5.894758 6.5623565 0 P 0
L 5.955242 3.5323564 6.5047581 3.5323564 0 P 0
L 5.9557259 4.5418761 6.505242 4.5418761 0 P 0
L 5.9562085 3.5318761 6.505242 3.5318761 0 P 0
L 5.9952419 6.6628404 6.544758 6.6628404 0 P 0
L 5.9952419 6.6628404 6.544758 6.6628404 0 P 0
L 5.9957245 5.6528404 6.544758 5.6528404 0 P 0
L 6.605242 3.6318761 6.605242 4.4418761 0 P 0
L 6.644758 5.7528404 6.644758 6.5628404 0 P 0
L 7.234758 5.7433207 7.234758 6.5523565 0 P 0
L 7.2447581 3.6423564 7.2447581 4.4513922 0 P 0
L 7.3352419 6.6528404 7.884758 6.6528404 0 P 0
L 7.3352419 6.6528404 7.884758 6.6528404 0 P 0
L 7.3357245 5.6428404 7.884758 5.6428404 0 P 0
L 7.345242 3.5423564 7.8947581 3.5423564 0 P 0
L 7.345242 4.5518761 7.8947581 4.5518761 0 P 0
L 7.3457246 3.5418761 7.8947581 3.5418761 0 P 0
L 7.984758 5.7428404 7.984758 6.5528404 0 P 0
L 7.9947581 3.6418761 7.9947581 4.4518761 0 P 0
L 8.4 0 8.4 10.1730709 0 P 0
