#Layer_Color=32768
#
#Feature symbol names
#
$0 r5
$1 r2
$2 r6

#
#Feature attribute names
#

#
#Layer features
#
L 4.3307086 0 5.9055117 0 0 P 0
L 4.5446456 0.564225 4.5446456 0.644225 2 P 0
L 4.5446456 0.564225 4.5946456 0.564225 2 P 0
L 4.5446456 0.580225 4.5946456 0.580225 1 P 0
L 4.5446456 0.628225 4.5946456 0.628225 1 P 0
L 4.5446456 0.644225 4.5946456 0.644225 2 P 0
L 4.5546456 0.954225 4.5546456 1.034225 2 P 0
L 4.5546456 0.954225 4.6046456 0.954225 2 P 0
L 4.5546456 0.970225 4.6046456 0.970225 1 P 0
L 4.5546456 1.018225 4.6046456 1.018225 1 P 0
L 4.5546456 1.034225 4.6046456 1.034225 2 P 0
L 4.5946456 0.564225 4.5946456 0.644225 2 P 0
L 4.6046456 0.954225 4.6046456 1.034225 2 P 0
L 4.6970944 1.5505676 4.6970944 1.5685676 1 P 0
L 4.6970944 1.5505676 4.7190944 1.5505676 1 P 0
L 4.6970944 1.5685676 4.7190944 1.5685676 1 P 0
L 4.6970944 1.7305676 4.6970944 1.7485676 1 P 0
L 4.6970944 1.7305676 4.7190944 1.7305676 1 P 0
L 4.6970944 1.7485676 4.7190944 1.7485676 1 P 0
L 4.7040944 1.5505676 4.7040944 1.5685676 1 P 0
L 4.7040944 1.7305676 4.7040944 1.7485676 1 P 0
L 4.7100944 1.5555676 4.7100944 1.5635676 1 P 0
L 4.7100944 1.7355676 4.7100944 1.7435676 1 P 0
L 4.7190944 1.5025676 4.7190944 1.6165676 2 P 0
L 4.7190944 1.5025676 4.7690944 1.5025676 2 P 0
L 4.7190944 1.6165676 4.7690944 1.6165676 2 P 0
L 4.7190944 1.6825676 4.7190944 1.7965676 2 P 0
L 4.7190944 1.6825676 4.7690944 1.6825676 2 P 0
L 4.7190944 1.7965676 4.7690944 1.7965676 2 P 0
L 4.7690944 1.5025676 4.7690944 1.6165676 2 P 0
L 4.7690944 1.5135676 4.7910944 1.5135676 1 P 0
L 4.7690944 1.5315676 4.7910944 1.5315676 1 P 0
L 4.7690944 1.5875676 4.7910944 1.5875676 1 P 0
L 4.7690944 1.6055676 4.7910944 1.6055676 1 P 0
L 4.7690944 1.6825676 4.7690944 1.7965676 2 P 0
L 4.7690944 1.6935676 4.7910944 1.6935676 1 P 0
L 4.7690944 1.7115676 4.7910944 1.7115676 1 P 0
L 4.7690944 1.7675676 4.7910944 1.7675676 1 P 0
L 4.7690944 1.7855676 4.7910944 1.7855676 1 P 0
L 4.7780944 1.5185676 4.7780944 1.5265676 1 P 0
L 4.7780944 1.5925676 4.7780944 1.6005676 1 P 0
L 4.7780944 1.6985676 4.7780944 1.7065676 1 P 0
L 4.7780944 1.7725676 4.7780944 1.7805676 1 P 0
L 4.7840944 1.5135676 4.7840944 1.5315676 1 P 0
L 4.7840944 1.5875676 4.7840944 1.6055676 1 P 0
L 4.7840944 1.6935676 4.7840944 1.7115676 1 P 0
L 4.7840944 1.7675676 4.7840944 1.7855676 1 P 0
L 4.7910944 1.5135676 4.7910944 1.5315676 1 P 0
L 4.7910944 1.5875676 4.7910944 1.6055676 1 P 0
L 4.7910944 1.6935676 4.7910944 1.7115676 1 P 0
L 4.7910944 1.7675676 4.7910944 1.7855676 1 P 0
L 4.895 2.4459126 4.895 2.5259126 2 P 0
L 4.895 2.4459126 4.945 2.4459126 2 P 0
L 4.895 2.4619126 4.945 2.4619126 1 P 0
L 4.895 2.5099126 4.945 2.5099126 1 P 0
L 4.895 2.5259126 4.945 2.5259126 2 P 0
L 4.945 2.4459126 4.945 2.5259126 2 P 0
L 4.975 2.4459126 4.975 2.5259126 2 P 0
L 4.975 2.4459126 5.025 2.4459126 2 P 0
L 4.975 2.4619126 5.025 2.4619126 1 P 0
L 4.975 2.5099126 5.025 2.5099126 1 P 0
L 4.975 2.5259126 5.025 2.5259126 2 P 0
L 5.025 2.4459126 5.025 2.5259126 2 P 0
L 5.055 2.4459126 5.055 2.5259126 2 P 0
L 5.055 2.4459126 5.105 2.4459126 2 P 0
L 5.055 2.4619126 5.105 2.4619126 1 P 0
L 5.055 2.5099126 5.105 2.5099126 1 P 0
L 5.055 2.5259126 5.105 2.5259126 2 P 0
L 5.105 2.4459126 5.105 2.5259126 2 P 0
