#Layer_Color=32768
#
#Feature symbol names
#
$0 r3.937

#
#Feature attribute names
#

#
#Layer features
#
L 2.1712992 1.3314961 2.1712992 1.768504 0 P 0
L 2.1712992 1.3314961 2.4587008 1.3314961 0 P 0
L 2.1712992 1.768504 2.4587008 1.768504 0 P 0
L 2.295315 1.55 2.3346851 1.55 0 P 0
L 2.315 1.530315 2.315 1.5696851 0 P 0
L 2.4587008 1.3314961 2.4587008 1.768504 0 P 0
L 4.2440157 2.9511024 4.2440157 3.0888977 0 P 0
L 4.2440157 2.9511024 4.4566142 2.9511024 0 P 0
L 4.2440157 3.0888977 4.4566142 3.0888977 0 P 0
L 4.2440157 3.1172817 4.2440157 3.255077 0 P 0
L 4.2440157 3.1172817 4.4566142 3.1172817 0 P 0
L 4.2440157 3.255077 4.4566142 3.255077 0 P 0
L 4.3306299 3.02 4.37 3.02 0 P 0
L 4.3306299 3.1861793 4.37 3.1861793 0 P 0
L 4.3503149 3.000315 4.3503149 3.0396851 0 P 0
L 4.3503149 3.1664943 4.3503149 3.2058644 0 P 0
L 4.4566142 2.9511024 4.4566142 3.0888977 0 P 0
L 4.4566142 3.1172817 4.4566142 3.255077 0 P 0
L 5.0324803 0.7687132 5.0324803 1.0797368 0 P 0
L 5.0324803 0.7687132 5.1742126 0.7687132 0 P 0
L 5.0324803 1.0797368 5.1742126 1.0797368 0 P 0
L 5.0350788 0.4065872 5.0350788 0.7018628 0 P 0
L 5.0350788 0.4065872 5.2516142 0.4065872 0 P 0
L 5.0350788 0.7018628 5.2516142 0.7018628 0 P 0
L 5.0836614 0.924225 5.1230315 0.924225 0 P 0
L 5.1033464 0.90454 5.1033464 0.9439101 0 P 0
L 5.1236615 0.554225 5.1630315 0.554225 0 P 0
L 5.1433465 0.53454 5.1433465 0.57391 0 P 0
L 5.1742126 0.7687132 5.1742126 1.0797368 0 P 0
L 5.2516142 0.4065872 5.2516142 0.7018628 0 P 0
