#Layer_Color=32768
#
#Feature symbol names
#
$0 r3.937

#
#Feature attribute names
#

#
#Layer features
#
L 0.0753622 0.4837323 0.0753622 0.7002677 0 P 0
L 0.0753622 0.4837323 0.3706378 0.4837323 0 P 0
L 0.0753622 0.7002677 0.3706378 0.7002677 0 P 0
L 0.1135433 1.0165433 0.1135433 1.2094567 0 P 0
L 0.1135433 1.0165433 0.3064567 1.0165433 0 P 0
L 0.1135433 1.2094567 0.3064567 1.2094567 0 P 0
L 0.190315 1.113 0.2296851 1.113 0 P 0
L 0.203315 0.592 0.242685 0.592 0 P 0
L 0.21 1.093315 0.21 1.1326851 0 P 0
L 0.223 0.572315 0.223 0.611685 0 P 0
L 0.3064567 1.0165433 0.3064567 1.2094567 0 P 0
L 0.3706378 0.4837323 0.3706378 0.7002677 0 P 0
L 0.9145433 0.9155433 0.9145433 1.1084567 0 P 0
L 0.9145433 0.9155433 1.1074567 0.9155433 0 P 0
L 0.9145433 1.1084567 1.1074567 1.1084567 0 P 0
L 0.991315 1.012 1.0306851 1.012 0 P 0
L 1.011 0.992315 1.011 1.0316851 0 P 0
L 1.1074567 0.9155433 1.1074567 1.1084567 0 P 0
L 1.7735433 0.9145433 1.7735433 1.1074567 0 P 0
L 1.7735433 0.9145433 1.9664567 0.9145433 0 P 0
L 1.7735433 1.1074567 1.9664567 1.1074567 0 P 0
L 1.850315 1.011 1.8896851 1.011 0 P 0
L 1.87 0.991315 1.87 1.0306851 0 P 0
L 1.9664567 0.9145433 1.9664567 1.1074567 0 P 0
L 2.5935433 1.0065433 2.5935433 1.1994567 0 P 0
L 2.5935433 1.0065433 2.7864567 1.0065433 0 P 0
L 2.5935433 1.1994567 2.7864567 1.1994567 0 P 0
L 2.670315 1.103 2.7096851 1.103 0 P 0
L 2.69 1.083315 2.69 1.1226851 0 P 0
L 2.7864567 1.0065433 2.7864567 1.1994567 0 P 0
