#Layer_Color=16711935
#
#Feature symbol names
#
$0 r3.937

#
#Feature attribute names
#

#
#Layer features
#
A 0.6666929 9.3446929 0.6666929 9.3446929 0.6470079 9.3446929 0 P 0 N
A 2.6076771 0.7712913 2.6076771 0.7712913 2.5879921 0.7712913 0 P 0 N
A 4.6739921 9.5769921 4.6739921 9.5769921 4.6543071 9.5769921 0 P 0 N
A 4.7378162 0.8678084 4.7378162 0.8678084 4.7181312 0.8678084 0 P 0 N
A 6.8283779 9.4239921 6.8283779 9.4239921 6.8086929 9.4239921 0 P 0 N
L 0.6115748 9.3092598 0.6115748 9.4667402 0 P 0
L 0.6115748 9.3092598 0.8084252 9.3092598 0 P 0
L 0.6115748 9.4667402 0.8084252 9.4667402 0 P 0
L 0.8084252 9.3092598 0.8084252 9.4667402 0 P 0
L 1.6395748 0.9391102 1.6395748 1.2028897 0 P 0
L 1.6395748 0.9391102 1.8836693 0.9391102 0 P 0
L 1.6395748 1.2028897 1.8836693 1.2028897 0 P 0
L 1.8836693 0.9391102 1.8836693 1.2028897 0 P 0
L 2.4265748 0.7358582 2.4265748 0.8933386 0 P 0
L 2.4265748 0.7358582 2.6234252 0.7358582 0 P 0
L 2.4265748 0.8933386 2.6234252 0.8933386 0 P 0
L 2.6234252 0.7358582 2.6234252 0.8933386 0 P 0
L 3.2435355 0.8108898 3.2435355 1.0549843 0 P 0
L 3.2435355 0.8108898 3.507315 0.8108898 0 P 0
L 3.2435355 1.0549843 3.507315 1.0549843 0 P 0
L 3.507315 0.8108898 3.507315 1.0549843 0 P 0
L 4.5322598 9.4155748 4.5322598 9.6124252 0 P 0
L 4.5322598 9.4155748 4.6897402 9.4155748 0 P 0
L 4.5322598 9.6124252 4.6897402 9.6124252 0 P 0
L 4.6334856 0.8304068 4.6334856 0.952454 0 P 0
L 4.6334856 0.8304068 4.7555328 0.8304068 0 P 0
L 4.6334856 0.952454 4.7555328 0.952454 0 P 0
L 4.6897402 9.4155748 4.6897402 9.6124252 0 P 0
L 4.7555328 0.8304068 4.7555328 0.952454 0 P 0
L 6.7732598 9.2625748 6.7732598 9.4594252 0 P 0
L 6.7732598 9.2625748 6.9307402 9.2625748 0 P 0
L 6.7732598 9.4594252 6.9307402 9.4594252 0 P 0
L 6.9307402 9.2625748 6.9307402 9.4594252 0 P 0
