#Layer_Color=32768
#
#Feature symbol names
#
$0 r6
$1 r2

#
#Feature attribute names
#

#
#Layer features
#
L 0.529 2.094 0.529 2.174 0 P 0
L 0.529 2.094 0.579 2.094 0 P 0
L 0.529 2.11 0.579 2.11 1 P 0
L 0.529 2.158 0.579 2.158 1 P 0
L 0.529 2.174 0.579 2.174 0 P 0
L 0.546 2.235 0.546 2.285 0 P 0
L 0.546 2.235 0.626 2.235 0 P 0
L 0.546 2.285 0.626 2.285 0 P 0
L 0.562 2.235 0.562 2.285 1 P 0
L 0.579 2.094 0.579 2.174 0 P 0
L 0.598 2.096 0.598 2.176 0 P 0
L 0.598 2.096 0.648 2.096 0 P 0
L 0.598 2.112 0.648 2.112 1 P 0
L 0.598 2.16 0.648 2.16 1 P 0
L 0.598 2.176 0.648 2.176 0 P 0
L 0.61 2.235 0.61 2.285 1 P 0
L 0.626 2.235 0.626 2.285 0 P 0
L 0.648 2.096 0.648 2.176 0 P 0
L 0.795 1.9788976 0.795 2.0588976 0 P 0
L 0.795 1.9788976 0.845 1.9788976 0 P 0
L 0.795 1.9948976 0.845 1.9948976 1 P 0
L 0.795 2.0428976 0.845 2.0428976 1 P 0
L 0.795 2.0588976 0.845 2.0588976 0 P 0
L 0.845 1.9788976 0.845 2.0588976 0 P 0
L 0.895 1.9788976 0.895 2.0588976 0 P 0
L 0.895 1.9788976 0.945 1.9788976 0 P 0
L 0.895 1.9948976 0.945 1.9948976 1 P 0
L 0.895 2.0428976 0.945 2.0428976 1 P 0
L 0.895 2.0588976 0.945 2.0588976 0 P 0
L 0.945 1.9788976 0.945 2.0588976 0 P 0
L 1.635 1.0138976 1.635 1.0938976 0 P 0
L 1.635 1.0138976 1.685 1.0138976 0 P 0
L 1.635 1.0298976 1.685 1.0298976 1 P 0
L 1.635 1.0778976 1.685 1.0778976 1 P 0
L 1.635 1.0938976 1.685 1.0938976 0 P 0
L 1.685 1.0138976 1.685 1.0938976 0 P 0
L 1.735 1.0138976 1.735 1.0938976 0 P 0
L 1.735 1.0138976 1.785 1.0138976 0 P 0
L 1.735 1.0298976 1.785 1.0298976 1 P 0
L 1.735 1.0778976 1.785 1.0778976 1 P 0
L 1.735 1.0938976 1.785 1.0938976 0 P 0
L 1.785 1.0138976 1.785 1.0938976 0 P 0
L 1.835 1.0138976 1.835 1.0938976 0 P 0
L 1.835 1.0138976 1.885 1.0138976 0 P 0
L 1.835 1.0298976 1.885 1.0298976 1 P 0
L 1.835 1.0778976 1.885 1.0778976 1 P 0
L 1.835 1.0938976 1.885 1.0938976 0 P 0
L 1.885 1.0138976 1.885 1.0938976 0 P 0
