#Layer_Color=32768
#
#Feature symbol names
#
$0 r10
$1 r3.937

#
#Feature attribute names
#

#
#Layer features
#
A 34.938764 31.3908077 34.938764 31.3908077 31.4938821 31.3908077 0 P 0 N
L 29.265134 32.5776816 29.265134 32.7233509 1 P 0
L 29.265134 32.5776816 29.4108033 32.5776816 1 P 0
L 29.265134 32.7233509 29.4108033 32.7233509 1 P 0
L 29.3182836 32.6505163 29.3576537 32.6505163 1 P 0
L 29.3379687 32.6308312 29.3379687 32.6702013 1 P 0
L 29.4108033 32.5776816 29.4108033 32.7233509 1 P 0
L 29.8235278 32.3276975 29.8235278 32.5639179 1 P 0
L 29.8235278 32.3276975 30.1542364 32.3276975 1 P 0
L 29.8235278 32.5639179 30.1542364 32.5639179 1 P 0
L 29.8439185 30.6299536 30.0092728 30.3435516 1 P 0
L 29.8439185 30.6299536 30.0484914 30.748064 1 P 0
L 29.8500474 32.710973 29.8500474 32.8566423 1 P 0
L 29.8500474 32.710973 29.9957167 32.710973 1 P 0
L 29.8500474 32.8566423 29.9957167 32.8566423 1 P 0
L 29.903197 32.7838077 29.9425671 32.7838077 1 P 0
L 29.9228821 32.7641226 29.9228821 32.8034927 1 P 0
L 29.9691971 32.4458077 30.0085671 32.4458077 1 P 0
L 29.9888821 32.4261227 29.9888821 32.4654927 1 P 0
L 29.9957167 32.710973 29.9957167 32.8566423 1 P 0
L 30.0092728 30.3435516 30.2138457 30.4616618 1 P 0
L 30.0118344 30.5359652 30.0459298 30.5556502 1 P 0
L 30.0190395 30.5628554 30.0387246 30.52876 1 P 0
L 30.0484914 30.748064 30.2138457 30.4616618 1 P 0
L 30.1542364 32.3276975 30.1542364 32.5639179 1 P 0
L 30.946008 32.2437999 30.946008 32.6178156 1 P 0
L 30.946008 32.2437999 31.4617561 32.2437999 1 P 0
L 30.946008 32.6178156 31.4617561 32.6178156 1 P 0
L 31.184197 32.4308077 31.2235671 32.4308077 1 P 0
L 31.2038821 32.4111227 31.2038821 32.4504928 1 P 0
L 31.3285278 33.0926975 31.3285278 33.3289179 1 P 0
L 31.3285278 33.0926975 31.6592364 33.0926975 1 P 0
L 31.3285278 33.3289179 31.6592364 33.3289179 1 P 0
L 31.4617561 32.2437999 31.4617561 32.6178156 1 P 0
L 31.4741971 33.2108077 31.5135671 33.2108077 1 P 0
L 31.4938821 33.1911227 31.4938821 33.2304927 1 P 0
L 31.586008 32.2437999 31.586008 32.6178156 1 P 0
L 31.586008 32.2437999 32.1017561 32.2437999 1 P 0
L 31.586008 32.6178156 32.1017561 32.6178156 1 P 0
L 31.6592364 33.0926975 31.6592364 33.3289179 1 P 0
L 31.824197 32.4308077 31.8635671 32.4308077 1 P 0
L 31.8438821 32.4111227 31.8438821 32.4504928 1 P 0
L 32.1017561 32.2437999 32.1017561 32.6178156 1 P 0
L 32.7589185 30.4666618 32.9242728 30.753064 1 P 0
L 32.7589185 30.4666618 32.9634914 30.3485516 1 P 0
L 32.8791971 32.4258077 32.9185671 32.4258077 1 P 0
L 32.8988821 32.4061227 32.8988821 32.4454928 1 P 0
L 32.9242728 30.753064 33.1288457 30.6349536 1 P 0
L 32.9268344 30.5606502 32.9609298 30.5409652 1 P 0
L 32.9340396 30.53376 32.9537247 30.5678554 1 P 0
L 32.9634914 30.3485516 33.1288457 30.6349536 1 P 0
