#Layer_Color=32768
#
#Feature symbol names
#
$0 r6
$1 r2
$2 r4
$3 r7
$4 r7.874
$5 rect68x25
$6 rect25x68
$7 rect25x68_60
$8 rect25x68_300
$9 rect150x80

#
#Feature attribute names
#

#
#Layer features
#
L -0.078979 2.6189973 -0.078979 2.6609973 2 P 0
L -0.083979 2.6059973 -0.083979 2.6739973 0 P 0
L -0.083979 2.6189973 -0.078979 2.6189973 2 P 0
L -0.083979 2.6609973 -0.078979 2.6609973 2 P 0
L -0.180979 2.6059973 -0.180979 2.6739973 2 P 0
L -0.199979 1.7199973 -0.199979 1.7699973 0 P 0
L -0.199979 1.7899973 -0.199979 1.8399973 0 P 0
L -0.199979 1.8549973 -0.199979 1.9049973 0 P 0
L -0.205979 2.6059973 -0.083979 2.6059973 0 P 0
L -0.205979 2.6059973 -0.205979 2.6739973 0 P 0
L -0.205979 2.6739973 -0.083979 2.6739973 0 P 0
L -0.210979 2.6189973 -0.205979 2.6189973 2 P 0
L -0.210979 2.6189973 -0.210979 2.6609973 2 P 0
L -0.210979 2.6609973 -0.205979 2.6609973 2 P 0
L -0.215979 1.7199973 -0.215979 1.7699973 1 P 0
L -0.215979 1.7899973 -0.215979 1.8399973 1 P 0
L -0.215979 1.8549973 -0.215979 1.9049973 1 P 0
L -0.244979 2.0399973 -0.244979 2.0899973 0 P 0
L 0.249021 1.7069973 0.249021 1.7569973 0 P 0
L 0.249021 1.7069973 0.329021 1.7069973 0 P 0
L 0.249021 1.7569973 0.329021 1.7569973 0 P 0
L 0.250021 1.8249973 0.250021 1.8749973 0 P 0
L 0.250021 1.8249973 0.330021 1.8249973 0 P 0
L 0.250021 1.8749973 0.330021 1.8749973 0 P 0
L 0.250021 1.8799973 0.250021 1.9299973 0 P 0
L 0.250021 1.8799973 0.330021 1.8799973 0 P 0
L 0.250021 1.9299973 0.330021 1.9299973 0 P 0
L -0.260979 2.0399973 -0.260979 2.0899973 1 P 0
L -0.263979 1.7199973 -0.263979 1.7699973 1 P 0
L -0.263979 1.7899973 -0.263979 1.8399973 1 P 0
L -0.263979 1.8549973 -0.263979 1.9049973 1 P 0
L -0.263979 2.6749973 -0.263979 2.7049973 3 P 0
L 0.265021 1.7069973 0.265021 1.7569973 1 P 0
L 0.266021 1.8249973 0.266021 1.8749973 1 P 0
L 0.266021 1.8799973 0.266021 1.9299973 1 P 0
L -0.278979 2.6899973 -0.248979 2.6899973 3 P 0
L -0.279979 1.7199973 -0.199979 1.7199973 0 P 0
L -0.279979 1.7199973 -0.279979 1.7699973 0 P 0
L -0.279979 1.7699973 -0.199979 1.7699973 0 P 0
L -0.279979 1.7899973 -0.199979 1.7899973 0 P 0
L -0.279979 1.7899973 -0.279979 1.8399973 0 P 0
L -0.279979 1.8399973 -0.199979 1.8399973 0 P 0
L -0.279979 1.8549973 -0.199979 1.8549973 0 P 0
L -0.279979 1.8549973 -0.279979 1.9049973 0 P 0
L -0.279979 1.9049973 -0.199979 1.9049973 0 P 0
L -0.308979 2.0399973 -0.308979 2.0899973 1 P 0
L 0.310021 2.4849973 0.310021 2.5349973 0 P 0
L 0.310021 2.4849973 0.390021 2.4849973 0 P 0
L 0.310021 2.5349973 0.390021 2.5349973 0 P 0
L 0.313021 1.7069973 0.313021 1.7569973 1 P 0
L 0.314021 1.8249973 0.314021 1.8749973 1 P 0
L 0.314021 1.8799973 0.314021 1.9299973 1 P 0
L -0.319979 2.4699973 -0.319979 2.5199973 0 P 0
L -0.324979 2.0399973 -0.244979 2.0399973 0 P 0
L -0.324979 2.0399973 -0.324979 2.0899973 0 P 0
L -0.324979 2.0899973 -0.244979 2.0899973 0 P 0
L 0.326021 2.4849973 0.326021 2.5349973 1 P 0
L 0.329021 1.7069973 0.329021 1.7569973 0 P 0
L 0.330021 1.8249973 0.330021 1.8749973 0 P 0
L 0.330021 1.8799973 0.330021 1.9299973 0 P 0
L -0.335979 2.4699973 -0.335979 2.5199973 1 P 0
L 0.374021 2.4849973 0.374021 2.5349973 1 P 0
L -0.383979 2.4699973 -0.383979 2.5199973 1 P 0
L 0.390021 2.4849973 0.390021 2.5349973 0 P 0
L -0.399979 2.4699973 -0.319979 2.4699973 0 P 0
L -0.399979 2.4699973 -0.399979 2.5199973 0 P 0
L -0.399979 2.5199973 -0.319979 2.5199973 0 P 0
L 0.595021 -2.3500027 0.600021 -2.3550027 1 P 0
L 0.595021 -2.3500027 0.755021 -2.3500027 2 P 0
L 0.595021 -2.6400027 0.595021 -2.3500027 2 P 0
L 0.595021 -2.6400027 0.600021 -2.6350027 1 P 0
L 0.595021 -2.6400027 0.755021 -2.6400027 2 P 0
L 0.600021 -2.3550027 0.750021 -2.3550027 1 P 0
L 0.600021 -2.6350027 0.600021 -2.3550027 1 P 0
L 0.600021 -2.6350027 0.750021 -2.6350027 1 P 0
L 0.627021 -2.3480027 0.723021 -2.3480027 2 P 0
L 0.627021 -2.3500027 0.627021 -2.3480027 2 P 0
L 0.627021 -2.6420027 0.627021 -2.6400027 2 P 0
L 0.627021 -2.6420027 0.723021 -2.6420027 2 P 0
L 0.660021 -2.2900027 0.690021 -2.2900027 3 P 0
L 0.675021 -2.3050027 0.675021 -2.2750027 3 P 0
L 0.723021 -2.3500027 0.723021 -2.3480027 2 P 0
L 0.723021 -2.6420027 0.723021 -2.6400027 2 P 0
L 0.750021 -2.3550027 0.755021 -2.3500027 1 P 0
L 0.750021 -2.6350027 0.750021 -2.3550027 1 P 0
L 0.750021 -2.6350027 0.755021 -2.6400027 1 P 0
L 0.755021 -2.6400027 0.755021 -2.3500027 2 P 0
L -1.109979 1.7449973 -1.109979 1.7949973 0 P 0
L -1.125979 1.7449973 -1.125979 1.7949973 1 P 0
L 1.145 1.895 1.145 1.975 0 P 0
L 1.145 1.895 1.195 1.895 0 P 0
L 1.145 1.911 1.195 1.911 1 P 0
L 1.145 1.959 1.195 1.959 1 P 0
L 1.145 1.975 1.195 1.975 0 P 0
L -1.173979 1.7449973 -1.173979 1.7949973 1 P 0
L -1.189979 1.7449973 -1.109979 1.7449973 0 P 0
L -1.189979 1.7449973 -1.189979 1.7949973 0 P 0
L -1.189979 1.7949973 -1.109979 1.7949973 0 P 0
L 1.195 1.895 1.195 1.975 0 P 0
L 1.2283706 -1.0321437 1.2683705 -0.9628616 0 P 0
L 1.2283706 -1.0321437 1.2716716 -1.0571437 0 P 0
L 1.23 1.895 1.23 1.975 0 P 0
L 1.23 1.895 1.28 1.895 0 P 0
L 1.23 1.911 1.28 1.911 1 P 0
L 1.23 1.959 1.28 1.959 1 P 0
L 1.23 1.975 1.28 1.975 0 P 0
L 1.2363706 -1.0182873 1.2796716 -1.0432873 1 P 0
L -1.239979 1.1539973 -1.239979 1.1839973 3 P 0
L -1.254979 1.1689973 -1.224979 1.1689973 3 P 0
L -1.255979 0.9889973 -1.255979 1.1109973 0 P 0
L 1.2603705 -0.9767182 1.3036716 -1.0017181 1 P 0
L 1.2683705 -0.9628616 1.3116716 -0.9878615 0 P 0
L -1.268979 0.9839973 -1.268979 0.9889973 2 P 0
L -1.268979 1.1109973 -1.268979 1.1159973 2 P 0
L 1.2716716 -1.0571437 1.3116716 -0.9878615 0 P 0
L -1.2783284 -0.9728616 -1.2383284 -1.0421437 0 P 0
L 1.28 1.895 1.28 1.975 0 P 0
L -1.2816294 -1.0671438 -1.2383284 -1.0421437 0 P 0
L 1.2883706 -1.0671437 1.3283705 -0.9978616 0 P 0
L 1.2883706 -1.0671437 1.3316716 -1.0921437 0 P 0
L -1.2896296 -1.0532872 -1.2463283 -1.0282873 1 P 0
L 1.2963706 -1.0532873 1.3396716 -1.0782873 1 P 0
L -1.305979 1.5679973 -1.305979 1.6179973 0 P 0
L -1.310979 0.9839973 -1.268979 0.9839973 2 P 0
L -1.310979 0.9839973 -1.310979 0.9889973 2 P 0
L -1.310979 1.1109973 -1.310979 1.1159973 2 P 0
L -1.310979 1.1159973 -1.268979 1.1159973 2 P 0
L -1.3136296 -1.011718 -1.2703283 -0.986718 1 P 0
L 1.3203705 -1.0117182 1.3636716 -1.0367181 1 P 0
L -1.3216295 -0.9978615 -1.2783284 -0.9728616 0 P 0
L -1.3216295 -0.9978615 -1.2816294 -1.0671438 0 P 0
L -1.321979 1.5679973 -1.321979 1.6179973 1 P 0
L -1.323979 0.9889973 -1.255979 0.9889973 0 P 0
L -1.323979 0.9889973 -1.323979 1.1109973 0 P 0
L -1.323979 1.0859973 -1.255979 1.0859973 2 P 0
L -1.323979 1.1109973 -1.255979 1.1109973 0 P 0
L 1.3283705 -0.9978616 1.3716716 -1.0228615 0 P 0
L 1.3316716 -1.0921437 1.3716716 -1.0228615 0 P 0
L -1.3433284 -1.0128616 -1.3033284 -1.0821437 0 P 0
L 1.3460053 2.6156587 1.3460053 2.6825879 4 P 0
L -1.3466294 -1.1071438 -1.3033284 -1.0821437 0 P 0
L -1.350979 1.2779973 -1.350979 1.3279973 0 P 0
L -1.350979 1.3429973 -1.350979 1.3929973 0 P 0
L -1.350979 1.4079973 -1.350979 1.4579973 0 P 0
L 1.3533706 -1.1071437 1.3933705 -1.0378616 0 P 0
L 1.3533706 -1.1071437 1.3966716 -1.1321437 0 P 0
L -1.3546296 -1.0932872 -1.3113283 -1.0682873 1 P 0
L -1.3547821 2.6156587 1.3460053 2.6156587 4 P 0
L -1.3547821 2.6156587 -1.3547821 2.6825879 4 P 0
L 1.3613706 -1.0932873 1.4046716 -1.1182873 1 P 0
L 1.365021 1.665 1.365021 1.715 0 P 0
L 1.365021 1.665 1.445021 1.665 0 P 0
L 1.365021 1.715 1.445021 1.715 0 P 0
L -1.366979 1.2779973 -1.366979 1.3279973 1 P 0
L -1.366979 1.3429973 -1.366979 1.3929973 1 P 0
L -1.366979 1.4079973 -1.366979 1.4579973 1 P 0
L -1.369979 1.5679973 -1.369979 1.6179973 1 P 0
L -1.3786296 -1.051718 -1.3353283 -1.026718 1 P 0
L -1.380979 1.4779973 -1.380979 1.5379973 0 P 0
L 1.381021 1.665 1.381021 1.715 1 P 0
L 1.3853705 -1.0517182 1.4286716 -1.0767181 1 P 0
L -1.385979 1.5679973 -1.305979 1.5679973 0 P 0
L -1.385979 1.5679973 -1.385979 1.6179973 0 P 0
L -1.385979 1.6179973 -1.305979 1.6179973 0 P 0
L -1.3866295 -1.0378615 -1.3433284 -1.0128616 0 P 0
L -1.3866295 -1.0378615 -1.3466294 -1.1071438 0 P 0
L 1.3933705 -1.0378616 1.4366716 -1.0628615 0 P 0
L 1.3966716 -1.1321437 1.4366716 -1.0628615 0 P 0
L -1.400979 1.4779973 -1.400979 1.5379973 1 P 0
L -1.4083284 -1.0528617 -1.3683284 -1.1221437 0 P 0
L -1.4116294 -1.1471439 -1.3683284 -1.1221437 0 P 0
L -1.414979 1.2779973 -1.414979 1.3279973 1 P 0
L -1.414979 1.3429973 -1.414979 1.3929973 1 P 0
L -1.414979 1.4079973 -1.414979 1.4579973 1 P 0
L -1.4196295 -1.1332873 -1.3763284 -1.1082873 1 P 0
L 1.429021 1.665 1.429021 1.715 1 P 0
L -1.430979 1.2779973 -1.350979 1.2779973 0 P 0
L -1.430979 1.2779973 -1.430979 1.3279973 0 P 0
L -1.430979 1.3279973 -1.350979 1.3279973 0 P 0
L -1.430979 1.3429973 -1.350979 1.3429973 0 P 0
L -1.430979 1.3429973 -1.430979 1.3929973 0 P 0
L -1.430979 1.3679973 -1.430979 1.4479973 0 P 0
L -1.430979 1.3929973 -1.350979 1.3929973 0 P 0
L -1.430979 1.4079973 -1.350979 1.4079973 0 P 0
L -1.430979 1.4079973 -1.430979 1.4579973 0 P 0
L -1.430979 1.4579973 -1.350979 1.4579973 0 P 0
L -1.4436294 -1.0917182 -1.4003284 -1.0667181 1 P 0
L 1.445021 1.665 1.445021 1.715 0 P 0
L -1.4516296 -1.0778615 -1.4083284 -1.0528617 0 P 0
L -1.4516296 -1.0778615 -1.4116294 -1.1471439 0 P 0
L 1.4573706 -0.6121437 1.4973705 -0.5428616 0 P 0
L 1.4573706 -0.6121437 1.5006716 -0.6371437 0 P 0
L 1.4653706 -0.5982873 1.5086716 -0.6232873 1 P 0
L -1.480979 1.3679973 -1.430979 1.3679973 0 P 0
L -1.480979 1.3679973 -1.480979 1.4479973 0 P 0
L -1.480979 1.3839973 -1.430979 1.3839973 1 P 0
L -1.480979 1.4319973 -1.430979 1.4319973 1 P 0
L -1.480979 1.4479973 -1.430979 1.4479973 0 P 0
L -1.480979 1.4779973 -1.480979 1.5379973 1 P 0
L -1.485979 1.2729973 -1.485979 1.3229973 0 P 0
L 1.4893705 -0.5567182 1.5326716 -0.5817181 1 P 0
L 1.4973705 -0.5428616 1.5406716 -0.5678615 0 P 0
L 1.500021 0.8799973 1.500021 0.9599973 0 P 0
L 1.500021 0.8799973 1.550021 0.8799973 0 P 0
L 1.500021 0.8959973 1.550021 0.8959973 1 P 0
L 1.500021 0.9439973 1.550021 0.9439973 1 P 0
L 1.500021 0.9599973 1.550021 0.9599973 0 P 0
L 1.5006716 -0.6371437 1.5406716 -0.5678615 0 P 0
L -1.500979 1.4779973 -1.380979 1.4779973 0 P 0
L -1.500979 1.4779973 -1.500979 1.5379973 0 P 0
L -1.500979 1.5379973 -1.380979 1.5379973 0 P 0
L -1.501979 1.2729973 -1.501979 1.3229973 1 P 0
L 1.5183706 -0.6521437 1.5583705 -0.5828616 0 P 0
L 1.5183706 -0.6521437 1.5616716 -0.6771437 0 P 0
L 1.520021 1.1949973 1.520021 1.2449973 0 P 0
L 1.520021 1.1949973 1.600021 1.1949973 0 P 0
L 1.520021 1.2449973 1.600021 1.2449973 0 P 0
L 1.5263706 -0.6382873 1.5696716 -0.6632873 1 P 0
L 1.530021 1.0149973 1.530021 1.0649973 0 P 0
L 1.530021 1.0149973 1.610021 1.0149973 0 P 0
L 1.530021 1.0649973 1.610021 1.0649973 0 P 0
L 1.530021 1.0799973 1.530021 1.1299973 0 P 0
L 1.530021 1.0799973 1.610021 1.0799973 0 P 0
L 1.530021 1.1299973 1.610021 1.1299973 0 P 0
L -1.5333284 -0.5328616 -1.4933284 -0.6021437 0 P 0
L 1.536021 1.1949973 1.536021 1.2449973 1 P 0
L -1.5366294 -0.6271438 -1.4933284 -0.6021437 0 P 0
L -1.5446296 -0.6132872 -1.5013283 -0.5882873 1 P 0
L 1.546021 1.0149973 1.546021 1.0649973 1 P 0
L 1.546021 1.0799973 1.546021 1.1299973 1 P 0
L -1.549979 1.2729973 -1.549979 1.3229973 1 P 0
L 1.550021 0.8799973 1.550021 0.9599973 0 P 0
L 1.5503705 -0.5967182 1.5936716 -0.6217181 1 P 0
L -1.554979 -1.3600027 -1.554979 -1.3100027 0 P 0
L -1.554979 2.3399973 -1.554979 2.4199973 0 P 0
L 1.5583705 -0.5828616 1.6016716 -0.6078615 0 P 0
L 1.5616716 -0.6771437 1.6016716 -0.6078615 0 P 0
L -1.565979 1.2729973 -1.485979 1.2729973 0 P 0
L -1.565979 1.2729973 -1.565979 1.3229973 0 P 0
L -1.565979 1.3229973 -1.485979 1.3229973 0 P 0
L -1.5686296 -0.571718 -1.5253283 -0.546718 1 P 0
L -1.570979 -1.3600027 -1.570979 -1.3100027 1 P 0
L -1.574979 -1.7150027 -1.574979 -1.6650027 0 P 0
L -1.5766295 -0.5578615 -1.5333284 -0.5328616 0 P 0
L -1.5766295 -0.5578615 -1.5366294 -0.6271438 0 P 0
L 1.5833706 -0.6921437 1.6233705 -0.6228616 0 P 0
L 1.5833706 -0.6921437 1.6266716 -0.7171437 0 P 0
L 1.584021 1.1949973 1.584021 1.2449973 1 P 0
L -1.590979 -1.7150027 -1.590979 -1.6650027 1 P 0
L 1.5913706 -0.6782873 1.6346716 -0.7032873 1 P 0
L 1.5927349 -2.474439 1.6506973 -2.5079036 4 P 0
L 1.5927349 -2.474439 2.9431286 -0.1354885 4 P 0
L -1.5933284 -0.5678617 -1.5533284 -0.6371437 0 P 0
L 1.594021 1.0149973 1.594021 1.0649973 1 P 0
L 1.594021 1.0799973 1.594021 1.1299973 1 P 0
L -1.5966294 -0.6621439 -1.5533284 -0.6371437 0 P 0
L 1.600021 1.1949973 1.600021 1.2449973 0 P 0
L -1.6046295 -0.6482873 -1.5613284 -0.6232873 1 P 0
L -1.604979 2.3399973 -1.554979 2.3399973 0 P 0
L -1.604979 2.3399973 -1.604979 2.4199973 0 P 0
L -1.604979 2.3559973 -1.554979 2.3559973 1 P 0
L -1.604979 2.4039973 -1.554979 2.4039973 1 P 0
L -1.604979 2.4199973 -1.554979 2.4199973 0 P 0
L 1.610021 1.0149973 1.610021 1.0649973 0 P 0
L 1.610021 1.0799973 1.610021 1.1299973 0 P 0
L 1.6153705 -0.6367182 1.6586716 -0.6617181 1 P 0
L -1.618979 -1.3600027 -1.618979 -1.3100027 1 P 0
L 1.6233705 -0.6228616 1.6666716 -0.6478615 0 P 0
L -1.624979 2.3399973 -1.624979 2.4199973 0 P 0
L -1.625979 1.4779973 -1.625979 1.5379973 0 P 0
L 1.6266716 -0.7171437 1.6666716 -0.6478615 0 P 0
L -1.6286294 -0.6067182 -1.5853284 -0.5817181 1 P 0
L -1.634979 -1.3100027 -1.554979 -1.3100027 0 P 0
L -1.634979 -1.3600027 -1.554979 -1.3600027 0 P 0
L -1.634979 -1.3600027 -1.634979 -1.3100027 0 P 0
L -1.6366296 -0.5928615 -1.5933284 -0.5678617 0 P 0
L -1.6366296 -0.5928615 -1.5966294 -0.6621439 0 P 0
L -1.638979 -1.7150027 -1.638979 -1.6650027 1 P 0
L -1.645979 1.4779973 -1.645979 1.5379973 1 P 0
L -1.6462459 -2.5146429 -1.5882835 -2.4811783 4 P 0
L -1.654979 1.1489973 -1.654979 1.1789973 3 P 0
L -1.654979 -1.6650027 -1.574979 -1.6650027 0 P 0
L -1.654979 -1.7150027 -1.574979 -1.7150027 0 P 0
L -1.654979 -1.7150027 -1.654979 -1.6650027 0 P 0
L -1.6583284 -0.6078616 -1.6183284 -0.6771437 0 P 0
L -1.6616294 -0.7021438 -1.6183284 -0.6771437 0 P 0
L -1.6696296 -0.6882872 -1.6263283 -0.6632873 1 P 0
L -1.669979 1.1639973 -1.639979 1.1639973 3 P 0
L -1.670979 0.9839973 -1.670979 1.1059973 0 P 0
L -1.674979 2.3399973 -1.624979 2.3399973 0 P 0
L -1.674979 2.3399973 -1.674979 2.4199973 0 P 0
L -1.674979 2.3559973 -1.624979 2.3559973 1 P 0
L -1.674979 2.4039973 -1.624979 2.4039973 1 P 0
L -1.674979 2.4199973 -1.624979 2.4199973 0 P 0
L -1.683979 0.9789973 -1.683979 0.9839973 2 P 0
L -1.683979 1.1059973 -1.683979 1.1109973 2 P 0
L -1.684979 1.2799973 -1.684979 1.3599973 0 P 0
L -1.6936296 -0.646718 -1.6503283 -0.621718 1 P 0
L -1.694979 2.3399973 -1.694979 2.4199973 0 P 0
L -1.7016295 -0.6328615 -1.6583284 -0.6078616 0 P 0
L -1.7016295 -0.6328615 -1.6616294 -0.7021438 0 P 0
L -1.725979 0.9789973 -1.683979 0.9789973 2 P 0
L -1.725979 0.9789973 -1.725979 0.9839973 2 P 0
L -1.725979 1.1059973 -1.725979 1.1109973 2 P 0
L -1.725979 1.1109973 -1.683979 1.1109973 2 P 0
L -1.725979 1.4779973 -1.725979 1.5379973 1 P 0
L -1.734979 1.2799973 -1.684979 1.2799973 0 P 0
L -1.734979 1.2799973 -1.734979 1.3599973 0 P 0
L -1.734979 1.2959973 -1.684979 1.2959973 1 P 0
L -1.734979 1.3439973 -1.684979 1.3439973 1 P 0
L -1.734979 1.3599973 -1.684979 1.3599973 0 P 0
L -1.738979 0.9839973 -1.670979 0.9839973 0 P 0
L -1.738979 0.9839973 -1.738979 1.1059973 0 P 0
L -1.738979 1.0809973 -1.670979 1.0809973 2 P 0
L -1.738979 1.1059973 -1.670979 1.1059973 0 P 0
L -1.744979 2.3399973 -1.694979 2.3399973 0 P 0
L -1.744979 2.3399973 -1.744979 2.4199973 0 P 0
L -1.744979 2.3559973 -1.694979 2.3559973 1 P 0
L -1.744979 2.4039973 -1.694979 2.4039973 1 P 0
L -1.744979 2.4199973 -1.694979 2.4199973 0 P 0
L -1.745979 1.4779973 -1.625979 1.4779973 0 P 0
L -1.745979 1.4779973 -1.745979 1.5379973 0 P 0
L -1.745979 1.5379973 -1.625979 1.5379973 0 P 0
L 1.770021 0.7399973 1.770021 0.7899973 0 P 0
L 1.770021 0.7399973 1.850021 0.7399973 0 P 0
L 1.770021 0.7899973 1.850021 0.7899973 0 P 0
L 1.786021 0.7399973 1.786021 0.7899973 1 P 0
L -1.809979 -1.6500027 -1.809979 -1.6000027 0 P 0
L -1.825979 -1.6500027 -1.825979 -1.6000027 1 P 0
L 1.834021 0.7399973 1.834021 0.7899973 1 P 0
L 1.845021 -0.7850027 1.925021 -0.7850027 0 P 0
L 1.845021 -0.8350027 1.845021 -0.7850027 0 P 0
L 1.845021 -0.8350027 1.925021 -0.8350027 0 P 0
L 1.850021 0.7399973 1.850021 0.7899973 0 P 0
L 1.861021 -0.8350027 1.861021 -0.7850027 1 P 0
L -1.862979 1.2489973 -1.862979 1.2989973 0 P 0
L -1.862979 1.3289973 -1.862979 1.3789973 0 P 0
L -1.873979 -1.6500027 -1.873979 -1.6000027 1 P 0
L -1.878979 1.2489973 -1.878979 1.2989973 1 P 0
L -1.878979 1.3289973 -1.878979 1.3789973 1 P 0
L 1.880021 2.2149973 1.880021 2.2949973 0 P 0
L 1.880021 2.2149973 1.930021 2.2149973 0 P 0
L 1.880021 2.2309973 1.930021 2.2309973 1 P 0
L 1.880021 2.2789973 1.930021 2.2789973 1 P 0
L 1.880021 2.2949973 1.930021 2.2949973 0 P 0
L -1.882979 0.6389973 -1.882979 0.7189973 0 P 0
L -1.889979 -1.6000027 -1.809979 -1.6000027 0 P 0
L -1.889979 -1.6500027 -1.809979 -1.6500027 0 P 0
L -1.889979 -1.6500027 -1.889979 -1.6000027 0 P 0
L 1.909021 -0.8350027 1.909021 -0.7850027 1 P 0
L 1.925021 -0.8350027 1.925021 -0.7850027 0 P 0
L -1.926979 1.2489973 -1.926979 1.2989973 1 P 0
L -1.926979 1.3289973 -1.926979 1.3789973 1 P 0
L 1.930021 2.2149973 1.930021 2.2949973 0 P 0
L -1.932979 0.6389973 -1.882979 0.6389973 0 P 0
L -1.932979 0.6389973 -1.932979 0.7189973 0 P 0
L -1.932979 0.6549973 -1.882979 0.6549973 1 P 0
L -1.932979 0.7029973 -1.882979 0.7029973 1 P 0
L -1.932979 0.7189973 -1.882979 0.7189973 0 P 0
L -1.942979 1.2489973 -1.862979 1.2489973 0 P 0
L -1.942979 1.2489973 -1.942979 1.2989973 0 P 0
L -1.942979 1.2989973 -1.862979 1.2989973 0 P 0
L -1.942979 1.3289973 -1.862979 1.3289973 0 P 0
L -1.942979 1.3289973 -1.942979 1.3789973 0 P 0
L -1.942979 1.3789973 -1.862979 1.3789973 0 P 0
L 1.950021 2.2149973 1.950021 2.2949973 0 P 0
L 1.950021 2.2149973 2.000021 2.2149973 0 P 0
L 1.950021 2.2309973 2.000021 2.2309973 1 P 0
L 1.950021 2.2789973 2.000021 2.2789973 1 P 0
L 1.950021 2.2949973 2.000021 2.2949973 0 P 0
L -1.982979 1.1689973 -1.982979 1.2489973 0 P 0
L 2.000021 2.2149973 2.000021 2.2949973 0 P 0
L 2.020021 2.2149973 2.020021 2.2949973 0 P 0
L 2.020021 2.2149973 2.070021 2.2149973 0 P 0
L 2.020021 2.2309973 2.070021 2.2309973 1 P 0
L 2.020021 2.2789973 2.070021 2.2789973 1 P 0
L 2.020021 2.2949973 2.070021 2.2949973 0 P 0
L -2.032979 1.1689973 -1.982979 1.1689973 0 P 0
L -2.032979 1.1689973 -2.032979 1.2489973 0 P 0
L -2.032979 1.1849973 -1.982979 1.1849973 1 P 0
L -2.032979 1.2329973 -1.982979 1.2329973 1 P 0
L -2.032979 1.2489973 -1.982979 1.2489973 0 P 0
L -2.062979 1.3339973 -2.062979 1.3839973 0 P 0
L 2.070021 2.2149973 2.070021 2.2949973 0 P 0
L -2.078979 1.3339973 -2.078979 1.3839973 1 P 0
L 2.090021 -1.4050027 2.170021 -1.4050027 0 P 0
L 2.090021 -1.4550027 2.090021 -1.4050027 0 P 0
L 2.090021 -1.4550027 2.170021 -1.4550027 0 P 0
L 2.106021 -1.4550027 2.106021 -1.4050027 1 P 0
L -2.126979 1.3339973 -2.126979 1.3839973 1 P 0
L -2.1412926 -1.4723303 -2.1387925 -1.4766604 2 P 0
L -2.142979 1.3339973 -2.062979 1.3339973 0 P 0
L -2.142979 1.3339973 -2.142979 1.3839973 0 P 0
L -2.142979 1.3839973 -2.062979 1.3839973 0 P 0
L 2.154021 -1.4550027 2.154021 -1.4050027 1 P 0
L 2.170021 -1.4550027 2.170021 -1.4050027 0 P 0
L -2.1751654 -1.4976604 -2.1387925 -1.4766604 2 P 0
L -2.1776654 -1.4933302 -2.1751654 -1.4976604 2 P 0
L -2.1812804 -1.5450694 -2.1662803 -1.5710501 3 P 0
L -2.1867707 -1.5655597 -2.1607899 -1.5505597 3 P 0
L -2.188924 -1.4998303 -2.130034 -1.4658302 0 P 0
L -2.1910341 -1.3601752 -2.130034 -1.4658302 0 P 0
L -2.2014239 -1.4781796 -2.1425341 -1.4441796 2 P 0
L -2.2047925 -1.362345 -2.2022926 -1.3666752 2 P 0
L -2.227979 1.0639973 -2.227979 1.1439973 0 P 0
L -2.2411655 -1.383345 -2.2047925 -1.362345 2 P 0
L -2.2411655 -1.383345 -2.2386654 -1.3876752 2 P 0
L -2.249924 -1.3941752 -2.188924 -1.4998303 0 P 0
L -2.249924 -1.3941752 -2.1910341 -1.3601752 0 P 0
L -2.254979 -1.0250027 -2.254979 -0.9750027 0 P 0
L -2.262979 1.3419973 -2.262979 1.3919973 0 P 0
L -2.267979 1.2539973 -2.267979 1.3039973 0 P 0
L -2.267979 1.3439973 -2.267979 1.3939973 0 P 0
L -2.270979 -1.0250027 -2.270979 -0.9750027 1 P 0
L -2.272979 1.2539973 -2.272979 1.3039973 0 P 0
L 2.275021 -0.5250027 2.355021 -0.5250027 0 P 0
L 2.275021 -0.5750027 2.275021 -0.5250027 0 P 0
L 2.275021 -0.5750027 2.355021 -0.5750027 0 P 0
L 2.2750762 -1.2108302 2.333966 -1.2448303 0 P 0
L 2.2750762 -1.2108302 2.336076 -1.1051751 0 P 0
L -2.277979 1.0639973 -2.227979 1.0639973 0 P 0
L -2.277979 1.0639973 -2.277979 1.1439973 0 P 0
L -2.277979 1.0799973 -2.227979 1.0799973 1 P 0
L -2.277979 1.1279973 -2.227979 1.1279973 1 P 0
L -2.277979 1.1439973 -2.227979 1.1439973 0 P 0
L -2.278979 1.3419973 -2.278979 1.3919973 1 P 0
L 2.2838345 -1.2216604 2.2863346 -1.2173303 2 P 0
L 2.2838345 -1.2216604 2.3202074 -1.2426604 2 P 0
L -2.283979 1.2539973 -2.283979 1.3039973 1 P 0
L -2.283979 1.3439973 -2.283979 1.3939973 1 P 0
L -2.288979 1.2539973 -2.288979 1.3039973 1 P 0
L 2.291021 -0.5750027 2.291021 -0.5250027 1 P 0
L -2.318979 -1.0250027 -2.318979 -0.9750027 1 P 0
L 2.3202074 -1.2426604 2.3227076 -1.2383302 2 P 0
L 2.3235761 -1.1268256 2.3824659 -1.1608258 2 P 0
L -2.326979 1.3419973 -2.326979 1.3919973 1 P 0
L -2.331979 1.2539973 -2.331979 1.3039973 1 P 0
L -2.331979 1.3439973 -2.331979 1.3939973 1 P 0
L 2.333966 -1.2448303 2.3949658 -1.1391752 0 P 0
L -2.334979 -0.9750027 -2.254979 -0.9750027 0 P 0
L -2.334979 -1.0250027 -2.254979 -1.0250027 0 P 0
L -2.334979 -1.0250027 -2.334979 -0.9750027 0 P 0
L 2.336076 -1.1051751 2.3949658 -1.1391752 0 P 0
L -2.336979 1.2539973 -2.336979 1.3039973 1 P 0
L 2.339021 -0.5750027 2.339021 -0.5250027 1 P 0
L -2.342979 1.3419973 -2.262979 1.3419973 0 P 0
L -2.342979 1.3419973 -2.342979 1.3919973 0 P 0
L -2.342979 1.3919973 -2.262979 1.3919973 0 P 0
L 2.3473344 -1.1116752 2.3498345 -1.107345 2 P 0
L -2.347979 1.2539973 -2.267979 1.2539973 0 P 0
L -2.347979 1.2539973 -2.347979 1.3039973 0 P 0
L -2.347979 1.3039973 -2.267979 1.3039973 0 P 0
L -2.347979 1.3439973 -2.267979 1.3439973 0 P 0
L -2.347979 1.3439973 -2.347979 1.3939973 0 P 0
L -2.347979 1.3939973 -2.267979 1.3939973 0 P 0
L 2.3498345 -1.107345 2.3862075 -1.128345 2 P 0
L 2.350021 -0.7600027 2.430021 -0.7600027 0 P 0
L 2.350021 -0.8100027 2.350021 -0.7600027 0 P 0
L 2.350021 -0.8100027 2.430021 -0.8100027 0 P 0
L -2.352979 1.2539973 -2.272979 1.2539973 0 P 0
L -2.352979 1.2539973 -2.352979 1.3039973 0 P 0
L -2.352979 1.3039973 -2.272979 1.3039973 0 P 0
L 2.355021 -0.5750027 2.355021 -0.5250027 0 P 0
L 2.366021 -0.8100027 2.366021 -0.7600027 1 P 0
L 2.3837074 -1.1326751 2.3862075 -1.128345 2 P 0
L 2.414021 -0.8100027 2.414021 -0.7600027 1 P 0
L 2.4248319 -1.0894457 2.4508127 -1.1044457 3 P 0
L 2.430021 -0.8100027 2.430021 -0.7600027 0 P 0
L 2.4303222 -1.1099361 2.4453223 -1.0839553 3 P 0
L -2.9386772 -0.1422278 -1.5882835 -2.4811783 4 P 0
L 2.9431286 -0.1354885 3.001091 -0.1689531 4 P 0
L -2.9966396 -0.1756924 -2.9386772 -0.1422278 4 P 0
P -0.1935317 2.6399968 6 P 0 0
P 0.6750203 -2.3950028 9 P 0 0
P -1.2899797 1.0984972 5 P 0 0
P -1.7049797 1.0934972 5 P 0 0
P -2.1657033 -1.4720496 7 P 0 0
P 2.3592701 -1.133001 8 P 0 0
