#Layer_Color=32768
#
#Feature symbol names
#
$0 r3.937

#
#Feature attribute names
#

#
#Layer features
#
L -1.1250394 2.7358662 -1.1250394 3.1728741 0 P 0
L -1.1263386 0.4065872 -1.1263386 0.7018628 0 P 0
L -1.2037402 0.7687132 -1.2037402 1.0797368 0 P 0
L -1.2346063 0.53454 -1.2346063 0.57391 0 P 0
L -1.2542913 0.554225 -1.2149213 0.554225 0 P 0
L -1.2687402 2.9346851 -1.2687402 2.9740552 0 P 0
L -1.2746064 0.90454 -1.2746064 0.9439101 0 P 0
L -1.2884253 2.9543701 -1.2490552 2.9543701 0 P 0
L -1.2942914 0.924225 -1.2549213 0.924225 0 P 0
L -1.342874 0.4065872 -1.1263386 0.4065872 0 P 0
L -1.342874 0.4065872 -1.342874 0.7018628 0 P 0
L -1.342874 0.7018628 -1.1263386 0.7018628 0 P 0
L -1.3454725 0.7687132 -1.2037402 0.7687132 0 P 0
L -1.3454725 0.7687132 -1.3454725 1.0797368 0 P 0
L -1.3454725 1.0797368 -1.2037402 1.0797368 0 P 0
L -1.412441 2.7358662 -1.1250394 2.7358662 0 P 0
L -1.412441 2.7358662 -1.412441 3.1728741 0 P 0
L -1.412441 3.1728741 -1.1250394 3.1728741 0 P 0
L -1.9213386 2.9511024 -1.9213386 3.0888977 0 P 0
L -1.9213386 3.1172817 -1.9213386 3.255077 0 P 0
L -2.0276379 3.000315 -2.0276379 3.0396851 0 P 0
L -2.0276379 3.1664943 -2.0276379 3.2058644 0 P 0
L -2.0473229 3.02 -2.0079528 3.02 0 P 0
L -2.0473229 3.1861793 -2.0079528 3.1861793 0 P 0
L -2.1339371 2.9511024 -1.9213386 2.9511024 0 P 0
L -2.1339371 2.9511024 -2.1339371 3.0888977 0 P 0
L -2.1339371 3.0888977 -1.9213386 3.0888977 0 P 0
L -2.1339371 3.1172817 -1.9213386 3.1172817 0 P 0
L -2.1339371 3.1172817 -2.1339371 3.255077 0 P 0
L -2.1339371 3.255077 -1.9213386 3.255077 0 P 0
L -3.919252 1.3314961 -3.919252 1.768504 0 P 0
L -4.0629528 1.530315 -4.0629528 1.5696851 0 P 0
L -4.0826378 1.55 -4.0432677 1.55 0 P 0
L -4.2066536 1.3314961 -3.919252 1.3314961 0 P 0
L -4.2066536 1.3314961 -4.2066536 1.768504 0 P 0
L -4.2066536 1.768504 -3.919252 1.768504 0 P 0
