#Layer_Color=32768
#
#Feature symbol names
#
$0 r7.874
$1 r6
$2 r2
$3 r4
$4 r7
$5 rect25x68

#
#Feature attribute names
#

#
#Layer features
#
L 0.1377953 0.2244094 0.2047245 0.2244094 0 P 0
L 0.1377953 2.9251968 0.2047245 2.9251968 0 P 0
L 0.151 1.22 0.181 1.22 4 P 0
L 0.166 1.205 0.166 1.235 4 P 0
L 0.19 1.45 0.19 1.5 1 P 0
L 0.19 1.45 0.27 1.45 1 P 0
L 0.19 1.5 0.27 1.5 1 P 0
L 0.2047245 0.2244094 0.2047245 2.9251968 0 P 0
L 0.206 1.45 0.206 1.5 2 P 0
L 0.219 1.249 0.219 1.291 3 P 0
L 0.219 1.249 0.224 1.249 3 P 0
L 0.219 1.291 0.224 1.291 3 P 0
L 0.224 1.236 0.224 1.304 1 P 0
L 0.224 1.236 0.346 1.236 1 P 0
L 0.224 1.304 0.346 1.304 1 P 0
L 0.249 1.236 0.249 1.304 3 P 0
L 0.25 2.223 0.25 2.303 1 P 0
L 0.25 2.223 0.3 2.223 1 P 0
L 0.25 2.239 0.3 2.239 2 P 0
L 0.25 2.287 0.3 2.287 2 P 0
L 0.25 2.303 0.3 2.303 1 P 0
L 0.254 1.45 0.254 1.5 2 P 0
L 0.27 1.45 0.27 1.5 1 P 0
L 0.3 2.223 0.3 2.303 1 P 0
L 0.346 1.236 0.346 1.304 1 P 0
L 0.346 1.249 0.351 1.249 3 P 0
L 0.346 1.291 0.351 1.291 3 P 0
L 0.351 1.249 0.351 1.291 3 P 0
L 0.684 1.974 0.684 2.016 3 P 0
L 0.684 1.974 0.689 1.974 3 P 0
L 0.684 2.016 0.689 2.016 3 P 0
L 0.689 1.961 0.689 2.029 1 P 0
L 0.689 1.961 0.811 1.961 1 P 0
L 0.689 2.029 0.811 2.029 1 P 0
L 0.775 1.65 0.775 1.7 1 P 0
L 0.775 1.65 0.855 1.65 1 P 0
L 0.775 1.7 0.855 1.7 1 P 0
L 0.786 1.961 0.786 2.029 3 P 0
L 0.791 1.65 0.791 1.7 2 P 0
L 0.811 1.961 0.811 2.029 1 P 0
L 0.811 1.974 0.816 1.974 3 P 0
L 0.811 2.016 0.816 2.016 3 P 0
L 0.816 1.974 0.816 2.016 3 P 0
L 0.8188976 0.2244094 0.8188976 2.9251968 0 P 0
L 0.8188976 0.2244094 0.8858268 0.2244094 0 P 0
L 0.8188976 2.9251968 0.8858268 2.9251968 0 P 0
L 0.839 1.65 0.839 1.7 2 P 0
L 0.854 2.045 0.884 2.045 4 P 0
L 0.855 1.65 0.855 1.7 1 P 0
L 0.869 2.03 0.869 2.06 4 P 0
P 0.2364908 1.2700002 5 P 0 0
P 0.7985068 1.9949998 5 P 0 0
