#Layer_Color=32768
#
#Feature symbol names
#
$0 r8
$1 r6
$2 r2
$3 r4
$4 r7
$5 rect25x68

#
#Feature attribute names
#

#
#Layer features
#
A 28.7399882 19.6808189 28.7399882 19.6808189 28.7339882 19.6808189 0 P 0 N
A 28.74 24.932 28.74 24.932 28.734 24.932 0 P 0 N
A 30.1399882 19.6808189 30.1399882 19.6808189 30.1339882 19.6808189 0 P 0 N
A 30.14 24.932 30.14 24.932 30.134 24.932 0 P 0 N
A 31.5399882 19.6808189 31.5399882 19.6808189 31.5339882 19.6808189 0 P 0 N
A 31.54 24.932 31.54 24.932 31.534 24.932 0 P 0 N
A 32.9399882 19.6808189 32.9399882 19.6808189 32.9339882 19.6808189 0 P 0 N
A 32.94 24.932 32.94 24.932 32.934 24.932 0 P 0 N
A 34.3399882 19.6808189 34.3399882 19.6808189 34.3339882 19.6808189 0 P 0 N
A 34.34 24.932 34.34 24.932 34.334 24.932 0 P 0 N
A 35.7399882 19.6808189 35.7399882 19.6808189 35.7339882 19.6808189 0 P 0 N
A 35.74 24.932 35.74 24.932 35.734 24.932 0 P 0 N
L 28.4849882 19.6728189 28.4849882 19.7528189 1 P 0
L 28.4849882 19.6728189 28.5349882 19.6728189 1 P 0
L 28.4849882 19.6888189 28.5349882 19.6888189 2 P 0
L 28.4849882 19.7368189 28.5349882 19.7368189 2 P 0
L 28.4849882 19.7528189 28.5349882 19.7528189 1 P 0
L 28.485 24.924 28.485 25.004 1 P 0
L 28.485 24.924 28.535 24.924 1 P 0
L 28.485 24.94 28.535 24.94 2 P 0
L 28.485 24.988 28.535 24.988 2 P 0
L 28.485 25.004 28.535 25.004 1 P 0
L 28.5349882 19.6728189 28.5349882 19.7528189 1 P 0
L 28.535 24.924 28.535 25.004 1 P 0
L 28.6079882 19.6718189 28.6079882 19.6898189 2 P 0
L 28.6079882 19.6718189 28.6299882 19.6718189 2 P 0
L 28.6079882 19.6898189 28.6299882 19.6898189 2 P 0
L 28.6079882 19.7458189 28.6079882 19.7638189 2 P 0
L 28.6079882 19.7458189 28.6299882 19.7458189 2 P 0
L 28.6079882 19.7638189 28.6299882 19.7638189 2 P 0
L 28.608 24.923 28.608 24.941 2 P 0
L 28.608 24.923 28.63 24.923 2 P 0
L 28.608 24.941 28.63 24.941 2 P 0
L 28.608 24.997 28.608 25.015 2 P 0
L 28.608 24.997 28.63 24.997 2 P 0
L 28.608 25.015 28.63 25.015 2 P 0
L 28.6149882 19.6718189 28.6149882 19.6898189 2 P 0
L 28.6149882 19.7458189 28.6149882 19.7638189 2 P 0
L 28.615 24.923 28.615 24.941 2 P 0
L 28.615 24.997 28.615 25.015 2 P 0
L 28.6199882 19.5828189 28.6199882 19.6328189 1 P 0
L 28.6199882 19.5828189 28.6999882 19.5828189 1 P 0
L 28.6199882 19.6328189 28.6999882 19.6328189 1 P 0
L 28.62 24.834 28.62 24.884 1 P 0
L 28.62 24.834 28.7 24.834 1 P 0
L 28.62 24.884 28.7 24.884 1 P 0
L 28.6209882 19.6768189 28.6209882 19.6848189 2 P 0
L 28.6209882 19.7508189 28.6209882 19.7588189 2 P 0
L 28.621 24.928 28.621 24.936 2 P 0
L 28.621 25.002 28.621 25.01 2 P 0
L 28.6299882 19.6608189 28.6299882 19.7748189 1 P 0
L 28.6299882 19.6608189 28.6799882 19.6608189 1 P 0
L 28.6299882 19.7748189 28.6799882 19.7748189 1 P 0
L 28.63 24.912 28.63 25.026 1 P 0
L 28.63 24.912 28.68 24.912 1 P 0
L 28.63 25.026 28.68 25.026 1 P 0
L 28.6359882 19.5828189 28.6359882 19.6328189 2 P 0
L 28.636 24.834 28.636 24.884 2 P 0
L 28.6799882 19.6608189 28.6799882 19.7748189 1 P 0
L 28.6799882 19.6718189 28.7019882 19.6718189 2 P 0
L 28.6799882 19.6898189 28.7019882 19.6898189 2 P 0
L 28.6799882 19.7088189 28.7019882 19.7088189 2 P 0
L 28.6799882 19.7268189 28.7019882 19.7268189 2 P 0
L 28.6799882 19.7458189 28.7019882 19.7458189 2 P 0
L 28.6799882 19.7638189 28.7019882 19.7638189 2 P 0
L 28.68 24.912 28.68 25.026 1 P 0
L 28.68 24.923 28.702 24.923 2 P 0
L 28.68 24.941 28.702 24.941 2 P 0
L 28.68 24.96 28.702 24.96 2 P 0
L 28.68 24.978 28.702 24.978 2 P 0
L 28.68 24.997 28.702 24.997 2 P 0
L 28.68 25.015 28.702 25.015 2 P 0
L 28.6839882 19.5828189 28.6839882 19.6328189 2 P 0
L 28.684 24.834 28.684 24.884 2 P 0
L 28.6889882 19.6768189 28.6889882 19.6848189 2 P 0
L 28.6889882 19.7138189 28.6889882 19.7218189 2 P 0
L 28.6889882 19.7508189 28.6889882 19.7588189 2 P 0
L 28.689 24.928 28.689 24.936 2 P 0
L 28.689 24.965 28.689 24.973 2 P 0
L 28.689 25.002 28.689 25.01 2 P 0
L 28.6949882 19.6718189 28.6949882 19.6898189 2 P 0
L 28.6949882 19.7088189 28.6949882 19.7268189 2 P 0
L 28.6949882 19.7458189 28.6949882 19.7638189 2 P 0
L 28.695 24.923 28.695 24.941 2 P 0
L 28.695 24.96 28.695 24.978 2 P 0
L 28.695 24.997 28.695 25.015 2 P 0
L 28.6999882 19.5828189 28.6999882 19.6328189 1 P 0
L 28.7 24.834 28.7 24.884 1 P 0
L 28.7019882 19.6718189 28.7019882 19.6898189 2 P 0
L 28.7019882 19.7088189 28.7019882 19.7268189 2 P 0
L 28.7019882 19.7458189 28.7019882 19.7638189 2 P 0
L 28.702 24.923 28.702 24.941 2 P 0
L 28.702 24.96 28.702 24.978 2 P 0
L 28.702 24.997 28.702 25.015 2 P 0
L 28.7299882 19.6808189 28.7379882 19.6808189 0 P 0
L 28.73 24.932 28.738 24.932 0 P 0
L 28.7339882 19.6768189 28.7339882 19.6848189 0 P 0
L 28.734 24.928 28.734 24.936 0 P 0
L 28.868 26.7470787 28.868 26.7970787 1 P 0
L 28.868 26.7470787 28.948 26.7470787 1 P 0
L 28.868 26.7970787 28.948 26.7970787 1 P 0
L 28.884 26.7470787 28.884 26.7970787 2 P 0
L 28.932 26.7470787 28.932 26.7970787 2 P 0
L 28.948 26.7470787 28.948 26.7970787 1 P 0
L 28.952 25.9980787 28.952 26.0780787 1 P 0
L 28.952 25.9980787 29.002 25.9980787 1 P 0
L 28.952 26.0140787 29.002 26.0140787 2 P 0
L 28.952 26.0620787 29.002 26.0620787 2 P 0
L 28.952 26.0780787 29.002 26.0780787 1 P 0
L 29.002 25.9980787 29.002 26.0780787 1 P 0
L 29.8849882 19.6728189 29.8849882 19.7528189 1 P 0
L 29.8849882 19.6728189 29.9349882 19.6728189 1 P 0
L 29.8849882 19.6888189 29.9349882 19.6888189 2 P 0
L 29.8849882 19.7368189 29.9349882 19.7368189 2 P 0
L 29.8849882 19.7528189 29.9349882 19.7528189 1 P 0
L 29.885 24.924 29.885 25.004 1 P 0
L 29.885 24.924 29.935 24.924 1 P 0
L 29.885 24.94 29.935 24.94 2 P 0
L 29.885 24.988 29.935 24.988 2 P 0
L 29.885 25.004 29.935 25.004 1 P 0
L 29.9349882 19.6728189 29.9349882 19.7528189 1 P 0
L 29.935 24.924 29.935 25.004 1 P 0
L 30.0079882 19.6718189 30.0079882 19.6898189 2 P 0
L 30.0079882 19.6718189 30.0299882 19.6718189 2 P 0
L 30.0079882 19.6898189 30.0299882 19.6898189 2 P 0
L 30.0079882 19.7458189 30.0079882 19.7638189 2 P 0
L 30.0079882 19.7458189 30.0299882 19.7458189 2 P 0
L 30.0079882 19.7638189 30.0299882 19.7638189 2 P 0
L 30.008 24.923 30.008 24.941 2 P 0
L 30.008 24.923 30.03 24.923 2 P 0
L 30.008 24.941 30.03 24.941 2 P 0
L 30.008 24.997 30.008 25.015 2 P 0
L 30.008 24.997 30.03 24.997 2 P 0
L 30.008 25.015 30.03 25.015 2 P 0
L 30.0149882 19.6718189 30.0149882 19.6898189 2 P 0
L 30.0149882 19.7458189 30.0149882 19.7638189 2 P 0
L 30.015 24.923 30.015 24.941 2 P 0
L 30.015 24.997 30.015 25.015 2 P 0
L 30.0199882 19.5828189 30.0199882 19.6328189 1 P 0
L 30.0199882 19.5828189 30.0999882 19.5828189 1 P 0
L 30.0199882 19.6328189 30.0999882 19.6328189 1 P 0
L 30.02 24.834 30.02 24.884 1 P 0
L 30.02 24.834 30.1 24.834 1 P 0
L 30.02 24.884 30.1 24.884 1 P 0
L 30.0209882 19.6768189 30.0209882 19.6848189 2 P 0
L 30.0209882 19.7508189 30.0209882 19.7588189 2 P 0
L 30.021 24.928 30.021 24.936 2 P 0
L 30.021 25.002 30.021 25.01 2 P 0
L 30.0299882 19.6608189 30.0299882 19.7748189 1 P 0
L 30.0299882 19.6608189 30.0799882 19.6608189 1 P 0
L 30.0299882 19.7748189 30.0799882 19.7748189 1 P 0
L 30.03 24.912 30.03 25.026 1 P 0
L 30.03 24.912 30.08 24.912 1 P 0
L 30.03 25.026 30.08 25.026 1 P 0
L 30.0359882 19.5828189 30.0359882 19.6328189 2 P 0
L 30.036 24.834 30.036 24.884 2 P 0
L 30.0799882 19.6608189 30.0799882 19.7748189 1 P 0
L 30.0799882 19.6718189 30.1019882 19.6718189 2 P 0
L 30.0799882 19.6898189 30.1019882 19.6898189 2 P 0
L 30.0799882 19.7088189 30.1019882 19.7088189 2 P 0
L 30.0799882 19.7268189 30.1019882 19.7268189 2 P 0
L 30.0799882 19.7458189 30.1019882 19.7458189 2 P 0
L 30.0799882 19.7638189 30.1019882 19.7638189 2 P 0
L 30.08 24.912 30.08 25.026 1 P 0
L 30.08 24.923 30.102 24.923 2 P 0
L 30.08 24.941 30.102 24.941 2 P 0
L 30.08 24.96 30.102 24.96 2 P 0
L 30.08 24.978 30.102 24.978 2 P 0
L 30.08 24.997 30.102 24.997 2 P 0
L 30.08 25.015 30.102 25.015 2 P 0
L 30.0839882 19.5828189 30.0839882 19.6328189 2 P 0
L 30.084 24.834 30.084 24.884 2 P 0
L 30.0889882 19.6768189 30.0889882 19.6848189 2 P 0
L 30.0889882 19.7138189 30.0889882 19.7218189 2 P 0
L 30.0889882 19.7508189 30.0889882 19.7588189 2 P 0
L 30.089 24.928 30.089 24.936 2 P 0
L 30.089 24.965 30.089 24.973 2 P 0
L 30.089 25.002 30.089 25.01 2 P 0
L 30.0949882 19.6718189 30.0949882 19.6898189 2 P 0
L 30.0949882 19.7088189 30.0949882 19.7268189 2 P 0
L 30.0949882 19.7458189 30.0949882 19.7638189 2 P 0
L 30.095 24.923 30.095 24.941 2 P 0
L 30.095 24.96 30.095 24.978 2 P 0
L 30.095 24.997 30.095 25.015 2 P 0
L 30.0999882 19.5828189 30.0999882 19.6328189 1 P 0
L 30.1 24.834 30.1 24.884 1 P 0
L 30.1019882 19.6718189 30.1019882 19.6898189 2 P 0
L 30.1019882 19.7088189 30.1019882 19.7268189 2 P 0
L 30.1019882 19.7458189 30.1019882 19.7638189 2 P 0
L 30.102 24.923 30.102 24.941 2 P 0
L 30.102 24.96 30.102 24.978 2 P 0
L 30.102 24.997 30.102 25.015 2 P 0
L 30.1299882 19.6808189 30.1379882 19.6808189 0 P 0
L 30.13 24.932 30.138 24.932 0 P 0
L 30.1339882 19.6768189 30.1339882 19.6848189 0 P 0
L 30.134 24.928 30.134 24.936 0 P 0
L 30.859 17.7125984 30.859 17.7545984 3 P 0
L 30.859 17.7125984 30.864 17.7125984 3 P 0
L 30.859 17.7545984 30.864 17.7545984 3 P 0
L 30.864 17.6995984 30.864 17.7675984 1 P 0
L 30.864 17.6995984 30.986 17.6995984 1 P 0
L 30.864 17.7675984 30.986 17.7675984 1 P 0
L 30.864 18.1275984 30.864 18.1695984 3 P 0
L 30.864 18.1275984 30.869 18.1275984 3 P 0
L 30.864 18.1695984 30.869 18.1695984 3 P 0
L 30.869 18.1145984 30.869 18.1825984 1 P 0
L 30.869 18.1145984 30.991 18.1145984 1 P 0
L 30.869 18.1825984 30.991 18.1825984 1 P 0
L 30.961 17.6995984 30.961 17.7675984 3 P 0
L 30.966 18.1145984 30.966 18.1825984 3 P 0
L 30.986 17.6995984 30.986 17.7675984 1 P 0
L 30.986 17.7125984 30.991 17.7125984 3 P 0
L 30.986 17.7545984 30.991 17.7545984 3 P 0
L 30.991 17.7125984 30.991 17.7545984 3 P 0
L 30.991 18.1145984 30.991 18.1825984 1 P 0
L 30.991 18.1275984 30.996 18.1275984 3 P 0
L 30.991 18.1695984 30.996 18.1695984 3 P 0
L 30.996 18.1275984 30.996 18.1695984 3 P 0
L 31.029 17.7835984 31.059 17.7835984 4 P 0
L 31.034 18.1985984 31.064 18.1985984 4 P 0
L 31.044 17.7685984 31.044 17.7985984 4 P 0
L 31.049 18.1835984 31.049 18.2135984 4 P 0
L 31.2849882 19.6728189 31.2849882 19.7528189 1 P 0
L 31.2849882 19.6728189 31.3349882 19.6728189 1 P 0
L 31.2849882 19.6888189 31.3349882 19.6888189 2 P 0
L 31.2849882 19.7368189 31.3349882 19.7368189 2 P 0
L 31.2849882 19.7528189 31.3349882 19.7528189 1 P 0
L 31.285 24.924 31.285 25.004 1 P 0
L 31.285 24.924 31.335 24.924 1 P 0
L 31.285 24.94 31.335 24.94 2 P 0
L 31.285 24.988 31.335 24.988 2 P 0
L 31.285 25.004 31.335 25.004 1 P 0
L 31.3349882 19.6728189 31.3349882 19.7528189 1 P 0
L 31.335 24.924 31.335 25.004 1 P 0
L 31.373979 17.9839973 31.373979 18.0339973 1 P 0
L 31.373979 17.9839973 31.453979 17.9839973 1 P 0
L 31.373979 18.0339973 31.453979 18.0339973 1 P 0
L 31.389979 17.9839973 31.389979 18.0339973 2 P 0
L 31.4079882 19.6718189 31.4079882 19.6898189 2 P 0
L 31.4079882 19.6718189 31.4299882 19.6718189 2 P 0
L 31.4079882 19.6898189 31.4299882 19.6898189 2 P 0
L 31.4079882 19.7458189 31.4079882 19.7638189 2 P 0
L 31.4079882 19.7458189 31.4299882 19.7458189 2 P 0
L 31.4079882 19.7638189 31.4299882 19.7638189 2 P 0
L 31.408 24.923 31.408 24.941 2 P 0
L 31.408 24.923 31.43 24.923 2 P 0
L 31.408 24.941 31.43 24.941 2 P 0
L 31.408 24.997 31.408 25.015 2 P 0
L 31.408 24.997 31.43 24.997 2 P 0
L 31.408 25.015 31.43 25.015 2 P 0
L 31.4149882 19.6718189 31.4149882 19.6898189 2 P 0
L 31.4149882 19.7458189 31.4149882 19.7638189 2 P 0
L 31.415 24.923 31.415 24.941 2 P 0
L 31.415 24.997 31.415 25.015 2 P 0
L 31.418979 17.6939973 31.418979 17.7439973 1 P 0
L 31.418979 17.6939973 31.498979 17.6939973 1 P 0
L 31.418979 17.7439973 31.498979 17.7439973 1 P 0
L 31.418979 17.7589973 31.418979 17.8089973 1 P 0
L 31.418979 17.7589973 31.498979 17.7589973 1 P 0
L 31.418979 17.8089973 31.498979 17.8089973 1 P 0
L 31.418979 17.8239973 31.418979 17.8739973 1 P 0
L 31.418979 17.8239973 31.498979 17.8239973 1 P 0
L 31.418979 17.8739973 31.498979 17.8739973 1 P 0
L 31.4199882 19.5828189 31.4199882 19.6328189 1 P 0
L 31.4199882 19.5828189 31.4999882 19.5828189 1 P 0
L 31.4199882 19.6328189 31.4999882 19.6328189 1 P 0
L 31.42 24.834 31.42 24.884 1 P 0
L 31.42 24.834 31.5 24.834 1 P 0
L 31.42 24.884 31.5 24.884 1 P 0
L 31.4209882 19.6768189 31.4209882 19.6848189 2 P 0
L 31.4209882 19.7508189 31.4209882 19.7588189 2 P 0
L 31.421 24.928 31.421 24.936 2 P 0
L 31.421 25.002 31.421 25.01 2 P 0
L 31.4299882 19.6608189 31.4299882 19.7748189 1 P 0
L 31.4299882 19.6608189 31.4799882 19.6608189 1 P 0
L 31.4299882 19.7748189 31.4799882 19.7748189 1 P 0
L 31.43 24.912 31.43 25.026 1 P 0
L 31.43 24.912 31.48 24.912 1 P 0
L 31.43 25.026 31.48 25.026 1 P 0
L 31.434979 17.6939973 31.434979 17.7439973 2 P 0
L 31.434979 17.7589973 31.434979 17.8089973 2 P 0
L 31.434979 17.8239973 31.434979 17.8739973 2 P 0
L 31.4359882 19.5828189 31.4359882 19.6328189 2 P 0
L 31.436 24.834 31.436 24.884 2 P 0
L 31.437979 17.9839973 31.437979 18.0339973 2 P 0
L 31.449 17.8960787 31.449 17.9560787 1 P 0
L 31.449 17.8960787 31.569 17.8960787 1 P 0
L 31.449 17.9560787 31.569 17.9560787 1 P 0
L 31.453979 17.9839973 31.453979 18.0339973 1 P 0
L 31.469 17.8960787 31.469 17.9560787 2 P 0
L 31.4799882 19.6608189 31.4799882 19.7748189 1 P 0
L 31.4799882 19.6718189 31.5019882 19.6718189 2 P 0
L 31.4799882 19.6898189 31.5019882 19.6898189 2 P 0
L 31.4799882 19.7088189 31.5019882 19.7088189 2 P 0
L 31.4799882 19.7268189 31.5019882 19.7268189 2 P 0
L 31.4799882 19.7458189 31.5019882 19.7458189 2 P 0
L 31.4799882 19.7638189 31.5019882 19.7638189 2 P 0
L 31.48 24.912 31.48 25.026 1 P 0
L 31.48 24.923 31.502 24.923 2 P 0
L 31.48 24.941 31.502 24.941 2 P 0
L 31.48 24.96 31.502 24.96 2 P 0
L 31.48 24.978 31.502 24.978 2 P 0
L 31.48 24.997 31.502 24.997 2 P 0
L 31.48 25.015 31.502 25.015 2 P 0
L 31.482979 17.6939973 31.482979 17.7439973 2 P 0
L 31.482979 17.7589973 31.482979 17.8089973 2 P 0
L 31.482979 17.8239973 31.482979 17.8739973 2 P 0
L 31.4839882 19.5828189 31.4839882 19.6328189 2 P 0
L 31.484 24.834 31.484 24.884 2 P 0
L 31.4889882 19.6768189 31.4889882 19.6848189 2 P 0
L 31.4889882 19.7138189 31.4889882 19.7218189 2 P 0
L 31.4889882 19.7508189 31.4889882 19.7588189 2 P 0
L 31.489 24.928 31.489 24.936 2 P 0
L 31.489 24.965 31.489 24.973 2 P 0
L 31.489 25.002 31.489 25.01 2 P 0
L 31.4949882 19.6718189 31.4949882 19.6898189 2 P 0
L 31.4949882 19.7088189 31.4949882 19.7268189 2 P 0
L 31.4949882 19.7458189 31.4949882 19.7638189 2 P 0
L 31.495 24.923 31.495 24.941 2 P 0
L 31.495 24.96 31.495 24.978 2 P 0
L 31.495 24.997 31.495 25.015 2 P 0
L 31.498979 17.6939973 31.498979 17.7439973 1 P 0
L 31.498979 17.7589973 31.498979 17.8089973 1 P 0
L 31.498979 17.7839973 31.498979 17.8639973 1 P 0
L 31.498979 17.7839973 31.548979 17.7839973 1 P 0
L 31.498979 17.7999973 31.548979 17.7999973 2 P 0
L 31.498979 17.8239973 31.498979 17.8739973 1 P 0
L 31.498979 17.8479973 31.548979 17.8479973 2 P 0
L 31.498979 17.8639973 31.548979 17.8639973 1 P 0
L 31.4999882 19.5828189 31.4999882 19.6328189 1 P 0
L 31.5 24.834 31.5 24.884 1 P 0
L 31.5019882 19.6718189 31.5019882 19.6898189 2 P 0
L 31.5019882 19.7088189 31.5019882 19.7268189 2 P 0
L 31.5019882 19.7458189 31.5019882 19.7638189 2 P 0
L 31.502 24.923 31.502 24.941 2 P 0
L 31.502 24.96 31.502 24.978 2 P 0
L 31.502 24.997 31.502 25.015 2 P 0
L 31.5299882 19.6808189 31.5379882 19.6808189 0 P 0
L 31.53 24.932 31.538 24.932 0 P 0
L 31.5339882 19.6768189 31.5339882 19.6848189 0 P 0
L 31.534 24.928 31.534 24.936 0 P 0
L 31.548979 17.7839973 31.548979 17.8639973 1 P 0
L 31.549 17.8960787 31.549 17.9560787 2 P 0
L 31.553979 17.6889973 31.553979 17.7389973 1 P 0
L 31.553979 17.6889973 31.633979 17.6889973 1 P 0
L 31.553979 17.7389973 31.633979 17.7389973 1 P 0
L 31.569 17.8960787 31.569 17.9560787 1 P 0
L 31.569979 17.6889973 31.569979 17.7389973 2 P 0
L 31.617979 17.6889973 31.617979 17.7389973 2 P 0
L 31.633979 17.6889973 31.633979 17.7389973 1 P 0
L 31.693979 17.8939973 31.693979 17.9539973 1 P 0
L 31.693979 17.8939973 31.813979 17.8939973 1 P 0
L 31.693979 17.9539973 31.813979 17.9539973 1 P 0
L 31.713979 17.8939973 31.713979 17.9539973 2 P 0
L 31.752979 17.6959973 31.752979 17.7759973 1 P 0
L 31.752979 17.6959973 31.802979 17.6959973 1 P 0
L 31.752979 17.7119973 31.802979 17.7119973 2 P 0
L 31.752979 17.7599973 31.802979 17.7599973 2 P 0
L 31.752979 17.7759973 31.802979 17.7759973 1 P 0
L 31.793979 17.8939973 31.793979 17.9539973 2 P 0
L 31.802979 17.6959973 31.802979 17.7759973 1 P 0
L 31.813979 17.8939973 31.813979 17.9539973 1 P 0
L 32.4838006 18.2333438 32.4838006 18.2833438 1 P 0
L 32.4838006 18.2333438 32.5638006 18.2333438 1 P 0
L 32.4838006 18.2833438 32.5638006 18.2833438 1 P 0
L 32.4998006 18.2333438 32.4998006 18.2833438 2 P 0
L 32.5478006 18.2333438 32.5478006 18.2833438 2 P 0
L 32.55 26.2490787 32.55 26.3290787 1 P 0
L 32.55 26.2490787 32.6 26.2490787 1 P 0
L 32.55 26.2650787 32.6 26.2650787 2 P 0
L 32.55 26.3130787 32.6 26.3130787 2 P 0
L 32.55 26.3290787 32.6 26.3290787 1 P 0
L 32.55 26.5390787 32.55 26.6190787 1 P 0
L 32.55 26.5390787 32.6 26.5390787 1 P 0
L 32.55 26.5550787 32.6 26.5550787 2 P 0
L 32.55 26.6030787 32.6 26.6030787 2 P 0
L 32.55 26.6190787 32.6 26.6190787 1 P 0
L 32.5638006 18.2333438 32.5638006 18.2833438 1 P 0
L 32.6 26.2490787 32.6 26.3290787 1 P 0
L 32.6 26.5390787 32.6 26.6190787 1 P 0
L 32.635 26.2490787 32.635 26.3290787 1 P 0
L 32.635 26.2490787 32.685 26.2490787 1 P 0
L 32.635 26.2650787 32.685 26.2650787 2 P 0
L 32.635 26.3130787 32.685 26.3130787 2 P 0
L 32.635 26.3290787 32.685 26.3290787 1 P 0
L 32.64 26.5390787 32.64 26.6190787 1 P 0
L 32.64 26.5390787 32.69 26.5390787 1 P 0
L 32.64 26.5550787 32.69 26.5550787 2 P 0
L 32.64 26.6030787 32.69 26.6030787 2 P 0
L 32.64 26.6190787 32.69 26.6190787 1 P 0
L 32.6849882 19.6728189 32.6849882 19.7528189 1 P 0
L 32.6849882 19.6728189 32.7349882 19.6728189 1 P 0
L 32.6849882 19.6888189 32.7349882 19.6888189 2 P 0
L 32.6849882 19.7368189 32.7349882 19.7368189 2 P 0
L 32.6849882 19.7528189 32.7349882 19.7528189 1 P 0
L 32.685 24.924 32.685 25.004 1 P 0
L 32.685 24.924 32.735 24.924 1 P 0
L 32.685 24.94 32.735 24.94 2 P 0
L 32.685 24.988 32.735 24.988 2 P 0
L 32.685 25.004 32.735 25.004 1 P 0
L 32.685 26.2490787 32.685 26.3290787 1 P 0
L 32.69 26.5390787 32.69 26.6190787 1 P 0
L 32.725 26.2490787 32.725 26.3290787 1 P 0
L 32.725 26.2490787 32.775 26.2490787 1 P 0
L 32.725 26.2650787 32.775 26.2650787 2 P 0
L 32.725 26.3130787 32.775 26.3130787 2 P 0
L 32.725 26.3290787 32.775 26.3290787 1 P 0
L 32.725 26.5390787 32.725 26.6190787 1 P 0
L 32.725 26.5390787 32.775 26.5390787 1 P 0
L 32.725 26.5550787 32.775 26.5550787 2 P 0
L 32.725 26.6030787 32.775 26.6030787 2 P 0
L 32.725 26.6190787 32.775 26.6190787 1 P 0
L 32.7349882 19.6728189 32.7349882 19.7528189 1 P 0
L 32.735 24.924 32.735 25.004 1 P 0
L 32.775 26.2490787 32.775 26.3290787 1 P 0
L 32.775 26.5390787 32.775 26.6190787 1 P 0
L 32.8079882 19.6718189 32.8079882 19.6898189 2 P 0
L 32.8079882 19.6718189 32.8299882 19.6718189 2 P 0
L 32.8079882 19.6898189 32.8299882 19.6898189 2 P 0
L 32.8079882 19.7458189 32.8079882 19.7638189 2 P 0
L 32.8079882 19.7458189 32.8299882 19.7458189 2 P 0
L 32.8079882 19.7638189 32.8299882 19.7638189 2 P 0
L 32.808 24.923 32.808 24.941 2 P 0
L 32.808 24.923 32.83 24.923 2 P 0
L 32.808 24.941 32.83 24.941 2 P 0
L 32.808 24.997 32.808 25.015 2 P 0
L 32.808 24.997 32.83 24.997 2 P 0
L 32.808 25.015 32.83 25.015 2 P 0
L 32.8149882 19.6718189 32.8149882 19.6898189 2 P 0
L 32.8149882 19.7458189 32.8149882 19.7638189 2 P 0
L 32.815 24.923 32.815 24.941 2 P 0
L 32.815 24.997 32.815 25.015 2 P 0
L 32.8199882 19.5828189 32.8199882 19.6328189 1 P 0
L 32.8199882 19.5828189 32.8999882 19.5828189 1 P 0
L 32.8199882 19.6328189 32.8999882 19.6328189 1 P 0
L 32.82 24.834 32.82 24.884 1 P 0
L 32.82 24.834 32.9 24.834 1 P 0
L 32.82 24.884 32.9 24.884 1 P 0
L 32.8209882 19.6768189 32.8209882 19.6848189 2 P 0
L 32.8209882 19.7508189 32.8209882 19.7588189 2 P 0
L 32.821 24.928 32.821 24.936 2 P 0
L 32.821 25.002 32.821 25.01 2 P 0
L 32.8299882 19.6608189 32.8299882 19.7748189 1 P 0
L 32.8299882 19.6608189 32.8799882 19.6608189 1 P 0
L 32.8299882 19.7748189 32.8799882 19.7748189 1 P 0
L 32.83 24.912 32.83 25.026 1 P 0
L 32.83 24.912 32.88 24.912 1 P 0
L 32.83 25.026 32.88 25.026 1 P 0
L 32.8359882 19.5828189 32.8359882 19.6328189 2 P 0
L 32.836 24.834 32.836 24.884 2 P 0
L 32.8799882 19.6608189 32.8799882 19.7748189 1 P 0
L 32.8799882 19.6718189 32.9019882 19.6718189 2 P 0
L 32.8799882 19.6898189 32.9019882 19.6898189 2 P 0
L 32.8799882 19.7088189 32.9019882 19.7088189 2 P 0
L 32.8799882 19.7268189 32.9019882 19.7268189 2 P 0
L 32.8799882 19.7458189 32.9019882 19.7458189 2 P 0
L 32.8799882 19.7638189 32.9019882 19.7638189 2 P 0
L 32.88 24.912 32.88 25.026 1 P 0
L 32.88 24.923 32.902 24.923 2 P 0
L 32.88 24.941 32.902 24.941 2 P 0
L 32.88 24.96 32.902 24.96 2 P 0
L 32.88 24.978 32.902 24.978 2 P 0
L 32.88 24.997 32.902 24.997 2 P 0
L 32.88 25.015 32.902 25.015 2 P 0
L 32.8839882 19.5828189 32.8839882 19.6328189 2 P 0
L 32.884 24.834 32.884 24.884 2 P 0
L 32.8889882 19.6768189 32.8889882 19.6848189 2 P 0
L 32.8889882 19.7138189 32.8889882 19.7218189 2 P 0
L 32.8889882 19.7508189 32.8889882 19.7588189 2 P 0
L 32.889 24.928 32.889 24.936 2 P 0
L 32.889 24.965 32.889 24.973 2 P 0
L 32.889 25.002 32.889 25.01 2 P 0
L 32.8949882 19.6718189 32.8949882 19.6898189 2 P 0
L 32.8949882 19.7088189 32.8949882 19.7268189 2 P 0
L 32.8949882 19.7458189 32.8949882 19.7638189 2 P 0
L 32.895 24.923 32.895 24.941 2 P 0
L 32.895 24.96 32.895 24.978 2 P 0
L 32.895 24.997 32.895 25.015 2 P 0
L 32.8999882 19.5828189 32.8999882 19.6328189 1 P 0
L 32.9 24.834 32.9 24.884 1 P 0
L 32.9019882 19.6718189 32.9019882 19.6898189 2 P 0
L 32.9019882 19.7088189 32.9019882 19.7268189 2 P 0
L 32.9019882 19.7458189 32.9019882 19.7638189 2 P 0
L 32.902 24.923 32.902 24.941 2 P 0
L 32.902 24.96 32.902 24.978 2 P 0
L 32.902 24.997 32.902 25.015 2 P 0
L 32.9088006 17.8883438 32.9088006 17.9383438 1 P 0
L 32.9088006 17.8883438 32.9888006 17.8883438 1 P 0
L 32.9088006 17.9383438 32.9888006 17.9383438 1 P 0
L 32.9248006 17.8883438 32.9248006 17.9383438 2 P 0
L 32.9299882 19.6808189 32.9379882 19.6808189 0 P 0
L 32.93 24.932 32.938 24.932 0 P 0
L 32.9339882 19.6768189 32.9339882 19.6848189 0 P 0
L 32.934 24.928 32.934 24.936 0 P 0
L 32.9728006 17.8883438 32.9728006 17.9383438 2 P 0
L 32.9888006 17.8883438 32.9888006 17.9383438 1 P 0
L 33.0138006 18.1333438 33.0138006 18.1833438 1 P 0
L 33.0138006 18.1333438 33.0938006 18.1333438 1 P 0
L 33.0138006 18.1833438 33.0938006 18.1833438 1 P 0
L 33.0298006 18.1333438 33.0298006 18.1833438 2 P 0
L 33.0778006 18.1333438 33.0778006 18.1833438 2 P 0
L 33.0938006 18.1333438 33.0938006 18.1833438 1 P 0
L 33.0938006 18.2233438 33.0938006 18.3033438 1 P 0
L 33.0938006 18.2233438 33.1438006 18.2233438 1 P 0
L 33.0938006 18.2393438 33.1438006 18.2393438 2 P 0
L 33.0938006 18.2873438 33.1438006 18.2873438 2 P 0
L 33.0938006 18.3033438 33.1438006 18.3033438 1 P 0
L 33.0988006 17.8133438 33.0988006 17.8933438 1 P 0
L 33.0988006 17.8133438 33.1488006 17.8133438 1 P 0
L 33.0988006 17.8183438 33.0988006 17.8983438 1 P 0
L 33.0988006 17.8183438 33.1488006 17.8183438 1 P 0
L 33.0988006 17.8293438 33.1488006 17.8293438 2 P 0
L 33.0988006 17.8343438 33.1488006 17.8343438 2 P 0
L 33.0988006 17.8773438 33.1488006 17.8773438 2 P 0
L 33.0988006 17.8823438 33.1488006 17.8823438 2 P 0
L 33.0988006 17.8933438 33.1488006 17.8933438 1 P 0
L 33.0988006 17.8983438 33.1488006 17.8983438 1 P 0
L 33.1438006 18.2233438 33.1438006 18.3033438 1 P 0
L 33.1488006 17.8133438 33.1488006 17.8933438 1 P 0
L 33.1488006 17.8183438 33.1488006 17.8983438 1 P 0
L 33.1738006 18.2233438 33.1738006 18.3033438 1 P 0
L 33.1738006 18.2233438 33.2238006 18.2233438 1 P 0
L 33.1738006 18.2393438 33.2238006 18.2393438 2 P 0
L 33.1738006 18.2873438 33.2238006 18.2873438 2 P 0
L 33.1738006 18.3033438 33.2238006 18.3033438 1 P 0
L 33.1788006 18.0233438 33.1788006 18.1033438 1 P 0
L 33.1788006 18.0233438 33.2288006 18.0233438 1 P 0
L 33.1788006 18.0393438 33.2288006 18.0393438 2 P 0
L 33.1788006 18.0873438 33.2288006 18.0873438 2 P 0
L 33.1788006 18.1033438 33.2288006 18.1033438 1 P 0
L 33.1868006 17.8233438 33.1868006 17.9033438 1 P 0
L 33.1868006 17.8233438 33.2368006 17.8233438 1 P 0
L 33.1868006 17.8393438 33.2368006 17.8393438 2 P 0
L 33.1868006 17.8873438 33.2368006 17.8873438 2 P 0
L 33.1868006 17.9033438 33.2368006 17.9033438 1 P 0
L 33.1888006 17.8183438 33.1888006 17.8983438 1 P 0
L 33.1888006 17.8183438 33.2388006 17.8183438 1 P 0
L 33.1888006 17.8343438 33.2388006 17.8343438 2 P 0
L 33.1888006 17.8823438 33.2388006 17.8823438 2 P 0
L 33.1888006 17.8983438 33.2388006 17.8983438 1 P 0
L 33.2238006 18.2233438 33.2238006 18.3033438 1 P 0
L 33.2288006 18.0233438 33.2288006 18.1033438 1 P 0
L 33.2368006 17.8233438 33.2368006 17.9033438 1 P 0
L 33.2388006 17.8183438 33.2388006 17.8983438 1 P 0
L 34.0849882 19.6728189 34.0849882 19.7528189 1 P 0
L 34.0849882 19.6728189 34.1349882 19.6728189 1 P 0
L 34.0849882 19.6888189 34.1349882 19.6888189 2 P 0
L 34.0849882 19.7368189 34.1349882 19.7368189 2 P 0
L 34.0849882 19.7528189 34.1349882 19.7528189 1 P 0
L 34.085 24.924 34.085 25.004 1 P 0
L 34.085 24.924 34.135 24.924 1 P 0
L 34.085 24.94 34.135 24.94 2 P 0
L 34.085 24.988 34.135 24.988 2 P 0
L 34.085 25.004 34.135 25.004 1 P 0
L 34.1349882 19.6728189 34.1349882 19.7528189 1 P 0
L 34.135 24.924 34.135 25.004 1 P 0
L 34.2079882 19.6718189 34.2079882 19.6898189 2 P 0
L 34.2079882 19.6718189 34.2299882 19.6718189 2 P 0
L 34.2079882 19.6898189 34.2299882 19.6898189 2 P 0
L 34.2079882 19.7458189 34.2079882 19.7638189 2 P 0
L 34.2079882 19.7458189 34.2299882 19.7458189 2 P 0
L 34.2079882 19.7638189 34.2299882 19.7638189 2 P 0
L 34.208 24.923 34.208 24.941 2 P 0
L 34.208 24.923 34.23 24.923 2 P 0
L 34.208 24.941 34.23 24.941 2 P 0
L 34.208 24.997 34.208 25.015 2 P 0
L 34.208 24.997 34.23 24.997 2 P 0
L 34.208 25.015 34.23 25.015 2 P 0
L 34.2149882 19.6718189 34.2149882 19.6898189 2 P 0
L 34.2149882 19.7458189 34.2149882 19.7638189 2 P 0
L 34.215 24.923 34.215 24.941 2 P 0
L 34.215 24.997 34.215 25.015 2 P 0
L 34.2199882 19.5828189 34.2199882 19.6328189 1 P 0
L 34.2199882 19.5828189 34.2999882 19.5828189 1 P 0
L 34.2199882 19.6328189 34.2999882 19.6328189 1 P 0
L 34.22 24.834 34.22 24.884 1 P 0
L 34.22 24.834 34.3 24.834 1 P 0
L 34.22 24.884 34.3 24.884 1 P 0
L 34.2209882 19.6768189 34.2209882 19.6848189 2 P 0
L 34.2209882 19.7508189 34.2209882 19.7588189 2 P 0
L 34.221 24.928 34.221 24.936 2 P 0
L 34.221 25.002 34.221 25.01 2 P 0
L 34.2299882 19.6608189 34.2299882 19.7748189 1 P 0
L 34.2299882 19.6608189 34.2799882 19.6608189 1 P 0
L 34.2299882 19.7748189 34.2799882 19.7748189 1 P 0
L 34.23 24.912 34.23 25.026 1 P 0
L 34.23 24.912 34.28 24.912 1 P 0
L 34.23 25.026 34.28 25.026 1 P 0
L 34.2359882 19.5828189 34.2359882 19.6328189 2 P 0
L 34.236 24.834 34.236 24.884 2 P 0
L 34.2799882 19.6608189 34.2799882 19.7748189 1 P 0
L 34.2799882 19.6718189 34.3019882 19.6718189 2 P 0
L 34.2799882 19.6898189 34.3019882 19.6898189 2 P 0
L 34.2799882 19.7088189 34.3019882 19.7088189 2 P 0
L 34.2799882 19.7268189 34.3019882 19.7268189 2 P 0
L 34.2799882 19.7458189 34.3019882 19.7458189 2 P 0
L 34.2799882 19.7638189 34.3019882 19.7638189 2 P 0
L 34.28 24.912 34.28 25.026 1 P 0
L 34.28 24.923 34.302 24.923 2 P 0
L 34.28 24.941 34.302 24.941 2 P 0
L 34.28 24.96 34.302 24.96 2 P 0
L 34.28 24.978 34.302 24.978 2 P 0
L 34.28 24.997 34.302 24.997 2 P 0
L 34.28 25.015 34.302 25.015 2 P 0
L 34.2839882 19.5828189 34.2839882 19.6328189 2 P 0
L 34.284 24.834 34.284 24.884 2 P 0
L 34.2889882 19.6768189 34.2889882 19.6848189 2 P 0
L 34.2889882 19.7138189 34.2889882 19.7218189 2 P 0
L 34.2889882 19.7508189 34.2889882 19.7588189 2 P 0
L 34.289 24.928 34.289 24.936 2 P 0
L 34.289 24.965 34.289 24.973 2 P 0
L 34.289 25.002 34.289 25.01 2 P 0
L 34.2949882 19.6718189 34.2949882 19.6898189 2 P 0
L 34.2949882 19.7088189 34.2949882 19.7268189 2 P 0
L 34.2949882 19.7458189 34.2949882 19.7638189 2 P 0
L 34.295 24.923 34.295 24.941 2 P 0
L 34.295 24.96 34.295 24.978 2 P 0
L 34.295 24.997 34.295 25.015 2 P 0
L 34.2999882 19.5828189 34.2999882 19.6328189 1 P 0
L 34.3 24.834 34.3 24.884 1 P 0
L 34.3019882 19.6718189 34.3019882 19.6898189 2 P 0
L 34.3019882 19.7088189 34.3019882 19.7268189 2 P 0
L 34.3019882 19.7458189 34.3019882 19.7638189 2 P 0
L 34.302 24.923 34.302 24.941 2 P 0
L 34.302 24.96 34.302 24.978 2 P 0
L 34.302 24.997 34.302 25.015 2 P 0
L 34.3299882 19.6808189 34.3379882 19.6808189 0 P 0
L 34.33 24.932 34.338 24.932 0 P 0
L 34.3339882 19.6768189 34.3339882 19.6848189 0 P 0
L 34.334 24.928 34.334 24.936 0 P 0
L 34.941 26.6420787 34.941 26.6920787 1 P 0
L 34.941 26.6420787 35.021 26.6420787 1 P 0
L 34.941 26.6920787 35.021 26.6920787 1 P 0
L 34.954 26.1020787 34.954 26.1520787 1 P 0
L 34.954 26.1020787 35.034 26.1020787 1 P 0
L 34.954 26.1520787 35.034 26.1520787 1 P 0
L 34.957 26.6420787 34.957 26.6920787 2 P 0
L 34.97 26.1020787 34.97 26.1520787 2 P 0
L 35.005 26.6420787 35.005 26.6920787 2 P 0
L 35.018 26.1020787 35.018 26.1520787 2 P 0
L 35.021 26.6420787 35.021 26.6920787 1 P 0
L 35.034 26.1020787 35.034 26.1520787 1 P 0
L 35.4849882 19.6728189 35.4849882 19.7528189 1 P 0
L 35.4849882 19.6728189 35.5349882 19.6728189 1 P 0
L 35.4849882 19.6888189 35.5349882 19.6888189 2 P 0
L 35.4849882 19.7368189 35.5349882 19.7368189 2 P 0
L 35.4849882 19.7528189 35.5349882 19.7528189 1 P 0
L 35.485 24.924 35.485 25.004 1 P 0
L 35.485 24.924 35.535 24.924 1 P 0
L 35.485 24.94 35.535 24.94 2 P 0
L 35.485 24.988 35.535 24.988 2 P 0
L 35.485 25.004 35.535 25.004 1 P 0
L 35.5349882 19.6728189 35.5349882 19.7528189 1 P 0
L 35.535 24.924 35.535 25.004 1 P 0
L 35.6079882 19.6718189 35.6079882 19.6898189 2 P 0
L 35.6079882 19.6718189 35.6299882 19.6718189 2 P 0
L 35.6079882 19.6898189 35.6299882 19.6898189 2 P 0
L 35.6079882 19.7458189 35.6079882 19.7638189 2 P 0
L 35.6079882 19.7458189 35.6299882 19.7458189 2 P 0
L 35.6079882 19.7638189 35.6299882 19.7638189 2 P 0
L 35.608 24.923 35.608 24.941 2 P 0
L 35.608 24.923 35.63 24.923 2 P 0
L 35.608 24.941 35.63 24.941 2 P 0
L 35.608 24.997 35.608 25.015 2 P 0
L 35.608 24.997 35.63 24.997 2 P 0
L 35.608 25.015 35.63 25.015 2 P 0
L 35.6149882 19.6718189 35.6149882 19.6898189 2 P 0
L 35.6149882 19.7458189 35.6149882 19.7638189 2 P 0
L 35.615 24.923 35.615 24.941 2 P 0
L 35.615 24.997 35.615 25.015 2 P 0
L 35.6199882 19.5828189 35.6199882 19.6328189 1 P 0
L 35.6199882 19.5828189 35.6999882 19.5828189 1 P 0
L 35.6199882 19.6328189 35.6999882 19.6328189 1 P 0
L 35.62 24.834 35.62 24.884 1 P 0
L 35.62 24.834 35.7 24.834 1 P 0
L 35.62 24.884 35.7 24.884 1 P 0
L 35.6209882 19.6768189 35.6209882 19.6848189 2 P 0
L 35.6209882 19.7508189 35.6209882 19.7588189 2 P 0
L 35.621 24.928 35.621 24.936 2 P 0
L 35.621 25.002 35.621 25.01 2 P 0
L 35.6299882 19.6608189 35.6299882 19.7748189 1 P 0
L 35.6299882 19.6608189 35.6799882 19.6608189 1 P 0
L 35.6299882 19.7748189 35.6799882 19.7748189 1 P 0
L 35.63 24.912 35.63 25.026 1 P 0
L 35.63 24.912 35.68 24.912 1 P 0
L 35.63 25.026 35.68 25.026 1 P 0
L 35.6359882 19.5828189 35.6359882 19.6328189 2 P 0
L 35.636 24.834 35.636 24.884 2 P 0
L 35.6799882 19.6608189 35.6799882 19.7748189 1 P 0
L 35.6799882 19.6718189 35.7019882 19.6718189 2 P 0
L 35.6799882 19.6898189 35.7019882 19.6898189 2 P 0
L 35.6799882 19.7088189 35.7019882 19.7088189 2 P 0
L 35.6799882 19.7268189 35.7019882 19.7268189 2 P 0
L 35.6799882 19.7458189 35.7019882 19.7458189 2 P 0
L 35.6799882 19.7638189 35.7019882 19.7638189 2 P 0
L 35.68 24.912 35.68 25.026 1 P 0
L 35.68 24.923 35.702 24.923 2 P 0
L 35.68 24.941 35.702 24.941 2 P 0
L 35.68 24.96 35.702 24.96 2 P 0
L 35.68 24.978 35.702 24.978 2 P 0
L 35.68 24.997 35.702 24.997 2 P 0
L 35.68 25.015 35.702 25.015 2 P 0
L 35.6839882 19.5828189 35.6839882 19.6328189 2 P 0
L 35.684 24.834 35.684 24.884 2 P 0
L 35.6889882 19.6768189 35.6889882 19.6848189 2 P 0
L 35.6889882 19.7138189 35.6889882 19.7218189 2 P 0
L 35.6889882 19.7508189 35.6889882 19.7588189 2 P 0
L 35.689 24.928 35.689 24.936 2 P 0
L 35.689 24.965 35.689 24.973 2 P 0
L 35.689 25.002 35.689 25.01 2 P 0
L 35.6949882 19.6718189 35.6949882 19.6898189 2 P 0
L 35.6949882 19.7088189 35.6949882 19.7268189 2 P 0
L 35.6949882 19.7458189 35.6949882 19.7638189 2 P 0
L 35.695 24.923 35.695 24.941 2 P 0
L 35.695 24.96 35.695 24.978 2 P 0
L 35.695 24.997 35.695 25.015 2 P 0
L 35.6999882 19.5828189 35.6999882 19.6328189 1 P 0
L 35.7 24.834 35.7 24.884 1 P 0
L 35.7019882 19.6718189 35.7019882 19.6898189 2 P 0
L 35.7019882 19.7088189 35.7019882 19.7268189 2 P 0
L 35.7019882 19.7458189 35.7019882 19.7638189 2 P 0
L 35.702 24.923 35.702 24.941 2 P 0
L 35.702 24.96 35.702 24.978 2 P 0
L 35.702 24.997 35.702 25.015 2 P 0
L 35.7299882 19.6808189 35.7379882 19.6808189 0 P 0
L 35.73 24.932 35.738 24.932 0 P 0
L 35.7339882 19.6768189 35.7339882 19.6848189 0 P 0
L 35.734 24.928 35.734 24.936 0 P 0
L 36.0224803 26.1210787 36.0224803 26.1710787 1 P 0
L 36.0224803 26.1210787 36.1024803 26.1210787 1 P 0
L 36.0224803 26.1710787 36.1024803 26.1710787 1 P 0
L 36.0384803 26.1210787 36.0384803 26.1710787 2 P 0
L 36.0864803 26.1210787 36.0864803 26.1710787 2 P 0
L 36.1024803 26.1210787 36.1024803 26.1710787 1 P 0
P 30.9734954 17.7335976 5 P 0 0
P 30.9784954 18.1485976 5 P 0 0
