#Layer_Color=32768
#
#Feature symbol names
#
$0 r6
$1 r2
$2 r7
$3 r4
$4 rect35x118

#
#Feature attribute names
#

#
#Layer features
#
L 0.0789997 0.7799995 0.0789997 0.8599995 0 P 0
L 0.0789997 0.7799995 0.0789997 0.8599995 0 P 0
L 0.0789997 0.7799995 0.1289997 0.7799995 0 P 0
L 0.0789997 0.7799995 0.1289997 0.7799995 0 P 0
L 0.0789997 0.7959995 0.1289997 0.7959995 1 P 0
L 0.0789997 0.7959995 0.1289997 0.7959995 1 P 0
L 0.0789997 0.8439995 0.1289997 0.8439995 1 P 0
L 0.0789997 0.8439995 0.1289997 0.8439995 1 P 0
L 0.0789997 0.8599995 0.1289997 0.8599995 0 P 0
L 0.0789997 0.8599995 0.1289997 0.8599995 0 P 0
L 0.0859995 2.1670008 0.0859995 2.2550008 3 P 0
L 0.0859995 2.1670008 0.0899995 2.1670008 3 P 0
L 0.0859995 2.2550008 0.0899995 2.2550008 3 P 0
L 0.0899995 2.1480008 0.0899995 2.2740008 3 P 0
L 0.0899995 2.1480008 0.0949995 2.1520008 1 P 0
L 0.0899995 2.1480008 0.3099995 2.1480008 3 P 0
L 0.0899995 2.2740008 0.0949995 2.2700008 1 P 0
L 0.0899995 2.2740008 0.3099995 2.2740008 3 P 0
L 0.0949995 2.1520008 0.0949995 2.2700008 1 P 0
L 0.0949995 2.1520008 0.3049995 2.1520008 1 P 0
L 0.0949995 2.2700008 0.3049995 2.2700008 1 P 0
L 0.1289997 0.7799995 0.1289997 0.8599995 0 P 0
L 0.1289997 0.7799995 0.1289997 0.8599995 0 P 0
L 0.2029997 0.6439995 0.2029997 0.7239995 0 P 0
L 0.2029997 0.6439995 0.2029997 0.7239995 0 P 0
L 0.2029997 0.6439995 0.2529997 0.6439995 0 P 0
L 0.2029997 0.6439995 0.2529997 0.6439995 0 P 0
L 0.2029997 0.6599995 0.2529997 0.6599995 1 P 0
L 0.2029997 0.6599995 0.2529997 0.6599995 1 P 0
L 0.2029997 0.7079995 0.2529997 0.7079995 1 P 0
L 0.2029997 0.7079995 0.2529997 0.7079995 1 P 0
L 0.2029997 0.7239995 0.2529997 0.7239995 0 P 0
L 0.2029997 0.7239995 0.2529997 0.7239995 0 P 0
L 0.204 2.615 0.234 2.615 2 P 0
L 0.2179997 0.9139995 0.2179997 0.9639995 0 P 0
L 0.2179997 0.9139995 0.2979997 0.9139995 0 P 0
L 0.2179997 0.9639995 0.2979997 0.9639995 0 P 0
L 0.219 2.6 0.219 2.63 2 P 0
L 0.2339997 0.9139995 0.2339997 0.9639995 1 P 0
L 0.2449997 1.1529995 0.2449997 1.2329995 0 P 0
L 0.2449997 1.1529995 0.2949997 1.1529995 0 P 0
L 0.2449997 1.1689995 0.2949997 1.1689995 1 P 0
L 0.2449997 1.2169995 0.2949997 1.2169995 1 P 0
L 0.2449997 1.2329995 0.2949997 1.2329995 0 P 0
L 0.2529997 0.6439995 0.2529997 0.7239995 0 P 0
L 0.2529997 0.6439995 0.2529997 0.7239995 0 P 0
L 0.2699995 2.1520008 0.2699995 2.2700008 1 P 0
L 0.2729997 0.6439995 0.2729997 0.7239995 0 P 0
L 0.2729997 0.6439995 0.2729997 0.7239995 0 P 0
L 0.2729997 0.6439995 0.3229997 0.6439995 0 P 0
L 0.2729997 0.6439995 0.3229997 0.6439995 0 P 0
L 0.2729997 0.6599995 0.3229997 0.6599995 1 P 0
L 0.2729997 0.6599995 0.3229997 0.6599995 1 P 0
L 0.2729997 0.7079995 0.3229997 0.7079995 1 P 0
L 0.2729997 0.7079995 0.3229997 0.7079995 1 P 0
L 0.2729997 0.7239995 0.3229997 0.7239995 0 P 0
L 0.2729997 0.7239995 0.3229997 0.7239995 0 P 0
L 0.2819997 0.9139995 0.2819997 0.9639995 1 P 0
L 0.285 2.476 0.285 2.504 3 P 0
L 0.285 2.476 0.289 2.476 3 P 0
L 0.285 2.504 0.289 2.504 3 P 0
L 0.285 2.536 0.285 2.564 3 P 0
L 0.285 2.536 0.289 2.536 3 P 0
L 0.285 2.564 0.289 2.564 3 P 0
L 0.289 2.457 0.289 2.583 3 P 0
L 0.289 2.457 0.294 2.461 1 P 0
L 0.289 2.457 0.509 2.457 3 P 0
L 0.289 2.583 0.294 2.579 1 P 0
L 0.289 2.583 0.509 2.583 3 P 0
L 0.294 2.461 0.294 2.579 1 P 0
L 0.294 2.461 0.504 2.461 1 P 0
L 0.294 2.579 0.504 2.579 1 P 0
L 0.2949997 1.1529995 0.2949997 1.2329995 0 P 0
L 0.2979997 0.9139995 0.2979997 0.9639995 0 P 0
L 0.3049995 2.1520008 0.3049995 2.2700008 1 P 0
L 0.3049995 2.1520008 0.3099995 2.1480008 1 P 0
L 0.3049995 2.2700008 0.3099995 2.2740008 1 P 0
L 0.3099995 2.1480008 0.3099995 2.2740008 3 P 0
L 0.3099995 2.1670008 0.3139995 2.1670008 3 P 0
L 0.3099995 2.1950008 0.3139995 2.1950008 3 P 0
L 0.3099995 2.2270008 0.3139995 2.2270008 3 P 0
L 0.3099995 2.2550008 0.3139995 2.2550008 3 P 0
L 0.3139995 2.1670008 0.3139995 2.1950008 3 P 0
L 0.3139995 2.2270008 0.3139995 2.2550008 3 P 0
L 0.3229997 0.6439995 0.3229997 0.7239995 0 P 0
L 0.3229997 0.6439995 0.3229997 0.7239995 0 P 0
L 0.329 2.461 0.329 2.579 1 P 0
L 0.3649995 2.3060008 0.3949995 2.3060008 2 P 0
L 0.3799995 2.2910008 0.3799995 2.3210008 2 P 0
L 0.3899997 0.9149995 0.3899997 0.9649995 0 P 0
L 0.3899997 0.9149995 0.4699997 0.9149995 0 P 0
L 0.3899997 0.9649995 0.4699997 0.9649995 0 P 0
L 0.391 2.946 0.391 3.026 0 P 0
L 0.391 2.946 0.441 2.946 0 P 0
L 0.391 2.962 0.441 2.962 1 P 0
L 0.391 3.01 0.441 3.01 1 P 0
L 0.391 3.026 0.441 3.026 0 P 0
L 0.4059997 0.9149995 0.4059997 0.9649995 1 P 0
L 0.4189997 0.7079995 0.4189997 0.7579995 0 P 0
L 0.4189997 0.7079995 0.4989997 0.7079995 0 P 0
L 0.4189997 0.7579995 0.4989997 0.7579995 0 P 0
L 0.4340005 2.1210008 0.4640005 2.1210008 2 P 0
L 0.4349997 0.7079995 0.4349997 0.7579995 1 P 0
L 0.441 2.946 0.441 3.026 0 P 0
L 0.4490005 2.1060008 0.4490005 2.1360008 2 P 0
L 0.4539997 0.9149995 0.4539997 0.9649995 1 P 0
L 0.467 2.945 0.467 3.025 0 P 0
L 0.467 2.945 0.517 2.945 0 P 0
L 0.467 2.961 0.517 2.961 1 P 0
L 0.467 3.009 0.517 3.009 1 P 0
L 0.467 3.025 0.517 3.025 0 P 0
L 0.4699997 0.9149995 0.4699997 0.9649995 0 P 0
L 0.4829997 0.7079995 0.4829997 0.7579995 1 P 0
L 0.4989997 0.7079995 0.4989997 0.7579995 0 P 0
L 0.504 2.461 0.504 2.579 1 P 0
L 0.504 2.461 0.509 2.457 1 P 0
L 0.504 2.579 0.509 2.583 1 P 0
L 0.509 2.457 0.509 2.583 3 P 0
L 0.509 2.476 0.513 2.476 3 P 0
L 0.509 2.564 0.513 2.564 3 P 0
L 0.513 2.476 0.513 2.564 3 P 0
L 0.5150005 2.1720008 0.5150005 2.2000008 3 P 0
L 0.5150005 2.1720008 0.5190005 2.1720008 3 P 0
L 0.5150005 2.2000008 0.5190005 2.2000008 3 P 0
L 0.5150005 2.2320008 0.5150005 2.2600008 3 P 0
L 0.5150005 2.2320008 0.5190005 2.2320008 3 P 0
L 0.5150005 2.2600008 0.5190005 2.2600008 3 P 0
L 0.517 2.945 0.517 3.025 0 P 0
L 0.5190005 2.1530008 0.5190005 2.2790008 3 P 0
L 0.5190005 2.1530008 0.5240005 2.1570008 1 P 0
L 0.5190005 2.1530008 0.7390005 2.1530008 3 P 0
L 0.5190005 2.2790008 0.5240005 2.2750008 1 P 0
L 0.5190005 2.2790008 0.7390005 2.2790008 3 P 0
L 0.5240005 2.1570008 0.5240005 2.2750008 1 P 0
L 0.5240005 2.1570008 0.7340005 2.1570008 1 P 0
L 0.5240005 2.2750008 0.7340005 2.2750008 1 P 0
L 0.5560006 3.1330004 0.5560006 3.1830004 0 P 0
L 0.5560006 3.1330004 0.6360006 3.1330004 0 P 0
L 0.5560006 3.1830004 0.6360006 3.1830004 0 P 0
L 0.5590005 2.1570008 0.5590005 2.2750008 1 P 0
L 0.5720006 3.1330004 0.5720006 3.1830004 1 P 0
L 0.6200006 3.1330004 0.6200006 3.1830004 1 P 0
L 0.6301788 0.7799995 0.6301788 0.8599995 0 P 0
L 0.6301788 0.7799995 0.6301788 0.8599995 0 P 0
L 0.6301788 0.7799995 0.6801788 0.7799995 0 P 0
L 0.6301788 0.7799995 0.6801788 0.7799995 0 P 0
L 0.6301788 0.7959995 0.6801788 0.7959995 1 P 0
L 0.6301788 0.7959995 0.6801788 0.7959995 1 P 0
L 0.6301788 0.8439995 0.6801788 0.8439995 1 P 0
L 0.6301788 0.8439995 0.6801788 0.8439995 1 P 0
L 0.6301788 0.8599995 0.6801788 0.8599995 0 P 0
L 0.6301788 0.8599995 0.6801788 0.8599995 0 P 0
L 0.6360006 3.1330004 0.6360006 3.1830004 0 P 0
L 0.6801788 0.7799995 0.6801788 0.8599995 0 P 0
L 0.6801788 0.7799995 0.6801788 0.8599995 0 P 0
L 0.7340005 2.1570008 0.7340005 2.2750008 1 P 0
L 0.7340005 2.1570008 0.7390005 2.1530008 1 P 0
L 0.7340005 2.2750008 0.7390005 2.2790008 1 P 0
L 0.7390005 2.1530008 0.7390005 2.2790008 3 P 0
L 0.7390005 2.1720008 0.7430005 2.1720008 3 P 0
L 0.7390005 2.2600008 0.7430005 2.2600008 3 P 0
L 0.7430005 2.1720008 0.7430005 2.2600008 3 P 0
L 0.7541788 0.6439995 0.7541788 0.7239995 0 P 0
L 0.7541788 0.6439995 0.7541788 0.7239995 0 P 0
L 0.7541788 0.6439995 0.8041788 0.6439995 0 P 0
L 0.7541788 0.6439995 0.8041788 0.6439995 0 P 0
L 0.7541788 0.6599995 0.8041788 0.6599995 1 P 0
L 0.7541788 0.6599995 0.8041788 0.6599995 1 P 0
L 0.7541788 0.7079995 0.8041788 0.7079995 1 P 0
L 0.7541788 0.7079995 0.8041788 0.7079995 1 P 0
L 0.7541788 0.7239995 0.8041788 0.7239995 0 P 0
L 0.7541788 0.7239995 0.8041788 0.7239995 0 P 0
L 0.7691788 0.9139995 0.7691788 0.9639995 0 P 0
L 0.7691788 0.9139995 0.8491788 0.9139995 0 P 0
L 0.7691788 0.9639995 0.8491788 0.9639995 0 P 0
L 0.7851788 0.9139995 0.7851788 0.9639995 1 P 0
L 0.7961788 1.1529995 0.7961788 1.2329995 0 P 0
L 0.7961788 1.1529995 0.8461788 1.1529995 0 P 0
L 0.7961788 1.1689995 0.8461788 1.1689995 1 P 0
L 0.7961788 1.2169995 0.8461788 1.2169995 1 P 0
L 0.7961788 1.2329995 0.8461788 1.2329995 0 P 0
L 0.8041788 0.6439995 0.8041788 0.7239995 0 P 0
L 0.8041788 0.6439995 0.8041788 0.7239995 0 P 0
L 0.8241788 0.6439995 0.8241788 0.7239995 0 P 0
L 0.8241788 0.6439995 0.8241788 0.7239995 0 P 0
L 0.8241788 0.6439995 0.8741788 0.6439995 0 P 0
L 0.8241788 0.6439995 0.8741788 0.6439995 0 P 0
L 0.8241788 0.6599995 0.8741788 0.6599995 1 P 0
L 0.8241788 0.6599995 0.8741788 0.6599995 1 P 0
L 0.8241788 0.7079995 0.8741788 0.7079995 1 P 0
L 0.8241788 0.7079995 0.8741788 0.7079995 1 P 0
L 0.8241788 0.7239995 0.8741788 0.7239995 0 P 0
L 0.8241788 0.7239995 0.8741788 0.7239995 0 P 0
L 0.8331788 0.9139995 0.8331788 0.9639995 1 P 0
L 0.8461788 1.1529995 0.8461788 1.2329995 0 P 0
L 0.8491788 0.9139995 0.8491788 0.9639995 0 P 0
L 0.8741788 0.6439995 0.8741788 0.7239995 0 P 0
L 0.8741788 0.6439995 0.8741788 0.7239995 0 P 0
L 0.9411788 0.9149995 0.9411788 0.9649995 0 P 0
L 0.9411788 0.9149995 1.0211788 0.9149995 0 P 0
L 0.9411788 0.9649995 1.0211788 0.9649995 0 P 0
L 0.9571788 0.9149995 0.9571788 0.9649995 1 P 0
L 0.9701788 0.7079995 0.9701788 0.7579995 0 P 0
L 0.9701788 0.7079995 1.0501788 0.7079995 0 P 0
L 0.9701788 0.7579995 1.0501788 0.7579995 0 P 0
L 0.9861788 0.7079995 0.9861788 0.7579995 1 P 0
L 1.0051788 0.9149995 1.0051788 0.9649995 1 P 0
L 1.0211788 0.9149995 1.0211788 0.9649995 0 P 0
L 1.0341788 0.7079995 1.0341788 0.7579995 1 P 0
L 1.0501788 0.7079995 1.0501788 0.7579995 0 P 0
L 1.1813599 0.7799995 1.1813599 0.8599995 0 P 0
L 1.1813599 0.7799995 1.1813599 0.8599995 0 P 0
L 1.1813599 0.7799995 1.2313599 0.7799995 0 P 0
L 1.1813599 0.7799995 1.2313599 0.7799995 0 P 0
L 1.1813599 0.7959995 1.2313599 0.7959995 1 P 0
L 1.1813599 0.7959995 1.2313599 0.7959995 1 P 0
L 1.1813599 0.8439995 1.2313599 0.8439995 1 P 0
L 1.1813599 0.8439995 1.2313599 0.8439995 1 P 0
L 1.1813599 0.8599995 1.2313599 0.8599995 0 P 0
L 1.1813599 0.8599995 1.2313599 0.8599995 0 P 0
L 1.2313599 0.7799995 1.2313599 0.8599995 0 P 0
L 1.2313599 0.7799995 1.2313599 0.8599995 0 P 0
L 1.3053599 0.6439995 1.3053599 0.7239995 0 P 0
L 1.3053599 0.6439995 1.3053599 0.7239995 0 P 0
L 1.3053599 0.6439995 1.3553599 0.6439995 0 P 0
L 1.3053599 0.6439995 1.3553599 0.6439995 0 P 0
L 1.3053599 0.6599995 1.3553599 0.6599995 1 P 0
L 1.3053599 0.6599995 1.3553599 0.6599995 1 P 0
L 1.3053599 0.7079995 1.3553599 0.7079995 1 P 0
L 1.3053599 0.7079995 1.3553599 0.7079995 1 P 0
L 1.3053599 0.7239995 1.3553599 0.7239995 0 P 0
L 1.3053599 0.7239995 1.3553599 0.7239995 0 P 0
L 1.3203599 0.9139995 1.3203599 0.9639995 0 P 0
L 1.3203599 0.9139995 1.4003599 0.9139995 0 P 0
L 1.3203599 0.9639995 1.4003599 0.9639995 0 P 0
L 1.3363599 0.9139995 1.3363599 0.9639995 1 P 0
L 1.3473599 1.1529995 1.3473599 1.2329995 0 P 0
L 1.3473599 1.1529995 1.3973599 1.1529995 0 P 0
L 1.3473599 1.1689995 1.3973599 1.1689995 1 P 0
L 1.3473599 1.2169995 1.3973599 1.2169995 1 P 0
L 1.3473599 1.2329995 1.3973599 1.2329995 0 P 0
L 1.3553599 0.6439995 1.3553599 0.7239995 0 P 0
L 1.3553599 0.6439995 1.3553599 0.7239995 0 P 0
L 1.3753599 0.6439995 1.3753599 0.7239995 0 P 0
L 1.3753599 0.6439995 1.3753599 0.7239995 0 P 0
L 1.3753599 0.6439995 1.4253599 0.6439995 0 P 0
L 1.3753599 0.6439995 1.4253599 0.6439995 0 P 0
L 1.3753599 0.6599995 1.4253599 0.6599995 1 P 0
L 1.3753599 0.6599995 1.4253599 0.6599995 1 P 0
L 1.3753599 0.7079995 1.4253599 0.7079995 1 P 0
L 1.3753599 0.7079995 1.4253599 0.7079995 1 P 0
L 1.3753599 0.7239995 1.4253599 0.7239995 0 P 0
L 1.3753599 0.7239995 1.4253599 0.7239995 0 P 0
L 1.3843599 0.9139995 1.3843599 0.9639995 1 P 0
L 1.3973599 1.1529995 1.3973599 1.2329995 0 P 0
L 1.4003599 0.9139995 1.4003599 0.9639995 0 P 0
L 1.4253599 0.6439995 1.4253599 0.7239995 0 P 0
L 1.4253599 0.6439995 1.4253599 0.7239995 0 P 0
L 1.4923599 0.9149995 1.4923599 0.9649995 0 P 0
L 1.4923599 0.9149995 1.5723599 0.9149995 0 P 0
L 1.4923599 0.9649995 1.5723599 0.9649995 0 P 0
L 1.5083599 0.9149995 1.5083599 0.9649995 1 P 0
L 1.5213599 0.7079995 1.5213599 0.7579995 0 P 0
L 1.5213599 0.7079995 1.6013599 0.7079995 0 P 0
L 1.5213599 0.7579995 1.6013599 0.7579995 0 P 0
L 1.5373599 0.7079995 1.5373599 0.7579995 1 P 0
L 1.5563599 0.9149995 1.5563599 0.9649995 1 P 0
L 1.5723599 0.9149995 1.5723599 0.9649995 0 P 0
L 1.5853599 0.7079995 1.5853599 0.7579995 1 P 0
L 1.6013599 0.7079995 1.6013599 0.7579995 0 P 0
L 1.732541 0.7799995 1.732541 0.8599995 0 P 0
L 1.732541 0.7799995 1.732541 0.8599995 0 P 0
L 1.732541 0.7799995 1.782541 0.7799995 0 P 0
L 1.732541 0.7799995 1.782541 0.7799995 0 P 0
L 1.732541 0.7959995 1.782541 0.7959995 1 P 0
L 1.732541 0.7959995 1.782541 0.7959995 1 P 0
L 1.732541 0.8439995 1.782541 0.8439995 1 P 0
L 1.732541 0.8439995 1.782541 0.8439995 1 P 0
L 1.732541 0.8599995 1.782541 0.8599995 0 P 0
L 1.732541 0.8599995 1.782541 0.8599995 0 P 0
L 1.782541 0.7799995 1.782541 0.8599995 0 P 0
L 1.782541 0.7799995 1.782541 0.8599995 0 P 0
L 1.822 2.773 1.822 2.823 0 P 0
L 1.822 2.773 1.902 2.773 0 P 0
L 1.822 2.823 1.902 2.823 0 P 0
L 1.838 2.773 1.838 2.823 1 P 0
L 1.856541 0.6439995 1.856541 0.7239995 0 P 0
L 1.856541 0.6439995 1.856541 0.7239995 0 P 0
L 1.856541 0.6439995 1.906541 0.6439995 0 P 0
L 1.856541 0.6439995 1.906541 0.6439995 0 P 0
L 1.856541 0.6599995 1.906541 0.6599995 1 P 0
L 1.856541 0.6599995 1.906541 0.6599995 1 P 0
L 1.856541 0.7079995 1.906541 0.7079995 1 P 0
L 1.856541 0.7079995 1.906541 0.7079995 1 P 0
L 1.856541 0.7239995 1.906541 0.7239995 0 P 0
L 1.856541 0.7239995 1.906541 0.7239995 0 P 0
L 1.871541 0.9139995 1.871541 0.9639995 0 P 0
L 1.871541 0.9139995 1.951541 0.9139995 0 P 0
L 1.871541 0.9639995 1.951541 0.9639995 0 P 0
L 1.886 2.773 1.886 2.823 1 P 0
L 1.886 2.934 1.886 3.014 0 P 0
L 1.886 2.934 1.936 2.934 0 P 0
L 1.886 2.95 1.936 2.95 1 P 0
L 1.886 2.998 1.936 2.998 1 P 0
L 1.886 3.014 1.936 3.014 0 P 0
L 1.887541 0.9139995 1.887541 0.9639995 1 P 0
L 1.898541 1.1529995 1.898541 1.2329995 0 P 0
L 1.898541 1.1529995 1.948541 1.1529995 0 P 0
L 1.898541 1.1689995 1.948541 1.1689995 1 P 0
L 1.898541 1.2169995 1.948541 1.2169995 1 P 0
L 1.898541 1.2329995 1.948541 1.2329995 0 P 0
L 1.902 2.773 1.902 2.823 0 P 0
L 1.906541 0.6439995 1.906541 0.7239995 0 P 0
L 1.906541 0.6439995 1.906541 0.7239995 0 P 0
L 1.926541 0.6439995 1.926541 0.7239995 0 P 0
L 1.926541 0.6439995 1.926541 0.7239995 0 P 0
L 1.926541 0.6439995 1.976541 0.6439995 0 P 0
L 1.926541 0.6439995 1.976541 0.6439995 0 P 0
L 1.926541 0.6599995 1.976541 0.6599995 1 P 0
L 1.926541 0.6599995 1.976541 0.6599995 1 P 0
L 1.926541 0.7079995 1.976541 0.7079995 1 P 0
L 1.926541 0.7079995 1.976541 0.7079995 1 P 0
L 1.926541 0.7239995 1.976541 0.7239995 0 P 0
L 1.926541 0.7239995 1.976541 0.7239995 0 P 0
L 1.935541 0.9139995 1.935541 0.9639995 1 P 0
L 1.936 2.934 1.936 3.014 0 P 0
L 1.948541 1.1529995 1.948541 1.2329995 0 P 0
L 1.951541 0.9139995 1.951541 0.9639995 0 P 0
L 1.976541 0.6439995 1.976541 0.7239995 0 P 0
L 1.976541 0.6439995 1.976541 0.7239995 0 P 0
L 2.043541 0.9149995 2.043541 0.9649995 0 P 0
L 2.043541 0.9149995 2.123541 0.9149995 0 P 0
L 2.043541 0.9649995 2.123541 0.9649995 0 P 0
L 2.046 2.66 2.046 2.74 0 P 0
L 2.046 2.66 2.096 2.66 0 P 0
L 2.046 2.676 2.096 2.676 1 P 0
L 2.046 2.724 2.096 2.724 1 P 0
L 2.046 2.74 2.096 2.74 0 P 0
L 2.059541 0.9149995 2.059541 0.9649995 1 P 0
L 2.072541 0.7079995 2.072541 0.7579995 0 P 0
L 2.072541 0.7079995 2.152541 0.7079995 0 P 0
L 2.072541 0.7579995 2.152541 0.7579995 0 P 0
L 2.086 2.85 2.086 2.9 0 P 0
L 2.086 2.85 2.166 2.85 0 P 0
L 2.086 2.9 2.166 2.9 0 P 0
L 2.088541 0.7079995 2.088541 0.7579995 1 P 0
L 2.096 2.66 2.096 2.74 0 P 0
L 2.102 2.85 2.102 2.9 1 P 0
L 2.107541 0.9149995 2.107541 0.9649995 1 P 0
L 2.123541 0.9149995 2.123541 0.9649995 0 P 0
L 2.136541 0.7079995 2.136541 0.7579995 1 P 0
L 2.15 2.85 2.15 2.9 1 P 0
L 2.152541 0.7079995 2.152541 0.7579995 0 P 0
L 2.166 2.85 2.166 2.9 0 P 0
L 2.2837221 0.7799995 2.2837221 0.8599995 0 P 0
L 2.2837221 0.7799995 2.2837221 0.8599995 0 P 0
L 2.2837221 0.7799995 2.3337221 0.7799995 0 P 0
L 2.2837221 0.7799995 2.3337221 0.7799995 0 P 0
L 2.2837221 0.7959995 2.3337221 0.7959995 1 P 0
L 2.2837221 0.7959995 2.3337221 0.7959995 1 P 0
L 2.2837221 0.8439995 2.3337221 0.8439995 1 P 0
L 2.2837221 0.8439995 2.3337221 0.8439995 1 P 0
L 2.2837221 0.8599995 2.3337221 0.8599995 0 P 0
L 2.2837221 0.8599995 2.3337221 0.8599995 0 P 0
L 2.3337221 0.7799995 2.3337221 0.8599995 0 P 0
L 2.3337221 0.7799995 2.3337221 0.8599995 0 P 0
L 2.4077221 0.6439995 2.4077221 0.7239995 0 P 0
L 2.4077221 0.6439995 2.4077221 0.7239995 0 P 0
L 2.4077221 0.6439995 2.4577221 0.6439995 0 P 0
L 2.4077221 0.6439995 2.4577221 0.6439995 0 P 0
L 2.4077221 0.6599995 2.4577221 0.6599995 1 P 0
L 2.4077221 0.6599995 2.4577221 0.6599995 1 P 0
L 2.4077221 0.7079995 2.4577221 0.7079995 1 P 0
L 2.4077221 0.7079995 2.4577221 0.7079995 1 P 0
L 2.4077221 0.7239995 2.4577221 0.7239995 0 P 0
L 2.4077221 0.7239995 2.4577221 0.7239995 0 P 0
L 2.4227221 0.9139995 2.4227221 0.9639995 0 P 0
L 2.4227221 0.9139995 2.5027221 0.9139995 0 P 0
L 2.4227221 0.9639995 2.5027221 0.9639995 0 P 0
L 2.4387221 0.9139995 2.4387221 0.9639995 1 P 0
L 2.4497221 1.1529995 2.4497221 1.2329995 0 P 0
L 2.4497221 1.1529995 2.4997221 1.1529995 0 P 0
L 2.4497221 1.1689995 2.4997221 1.1689995 1 P 0
L 2.4497221 1.2169995 2.4997221 1.2169995 1 P 0
L 2.4497221 1.2329995 2.4997221 1.2329995 0 P 0
L 2.4577221 0.6439995 2.4577221 0.7239995 0 P 0
L 2.4577221 0.6439995 2.4577221 0.7239995 0 P 0
L 2.4777221 0.6439995 2.4777221 0.7239995 0 P 0
L 2.4777221 0.6439995 2.4777221 0.7239995 0 P 0
L 2.4777221 0.6439995 2.5277221 0.6439995 0 P 0
L 2.4777221 0.6439995 2.5277221 0.6439995 0 P 0
L 2.4777221 0.6599995 2.5277221 0.6599995 1 P 0
L 2.4777221 0.6599995 2.5277221 0.6599995 1 P 0
L 2.4777221 0.7079995 2.5277221 0.7079995 1 P 0
L 2.4777221 0.7079995 2.5277221 0.7079995 1 P 0
L 2.4777221 0.7239995 2.5277221 0.7239995 0 P 0
L 2.4777221 0.7239995 2.5277221 0.7239995 0 P 0
L 2.4867221 0.9139995 2.4867221 0.9639995 1 P 0
L 2.4997221 1.1529995 2.4997221 1.2329995 0 P 0
L 2.5027221 0.9139995 2.5027221 0.9639995 0 P 0
L 2.5277221 0.6439995 2.5277221 0.7239995 0 P 0
L 2.5277221 0.6439995 2.5277221 0.7239995 0 P 0
L 2.5947221 0.9149995 2.5947221 0.9649995 0 P 0
L 2.5947221 0.9149995 2.6747221 0.9149995 0 P 0
L 2.5947221 0.9649995 2.6747221 0.9649995 0 P 0
L 2.6107221 0.9149995 2.6107221 0.9649995 1 P 0
L 2.6237221 0.7079995 2.6237221 0.7579995 0 P 0
L 2.6237221 0.7079995 2.7037221 0.7079995 0 P 0
L 2.6237221 0.7579995 2.7037221 0.7579995 0 P 0
L 2.6397221 0.7079995 2.6397221 0.7579995 1 P 0
L 2.6587221 0.9149995 2.6587221 0.9649995 1 P 0
L 2.6747221 0.9149995 2.6747221 0.9649995 0 P 0
L 2.6877221 0.7079995 2.6877221 0.7579995 1 P 0
L 2.699 3.099 2.699 3.179 0 P 0
L 2.699 3.099 2.749 3.099 0 P 0
L 2.699 3.115 2.749 3.115 1 P 0
L 2.699 3.163 2.749 3.163 1 P 0
L 2.699 3.179 2.749 3.179 0 P 0
L 2.7037221 0.7079995 2.7037221 0.7579995 0 P 0
L 2.749 3.099 2.749 3.179 0 P 0
L 2.781 2.76 2.781 2.778 1 P 0
L 2.781 2.76 2.803 2.76 1 P 0
L 2.781 2.778 2.803 2.778 1 P 0
L 2.783 2.909 2.783 2.927 1 P 0
L 2.783 2.909 2.805 2.909 1 P 0
L 2.783 2.927 2.805 2.927 1 P 0
L 2.783 2.983 2.783 3.001 1 P 0
L 2.783 2.983 2.805 2.983 1 P 0
L 2.783 3.001 2.805 3.001 1 P 0
L 2.788 2.76 2.788 2.778 1 P 0
L 2.79 2.909 2.79 2.927 1 P 0
L 2.79 2.983 2.79 3.001 1 P 0
L 2.794 2.765 2.794 2.773 1 P 0
L 2.796 2.914 2.796 2.922 1 P 0
L 2.796 2.988 2.796 2.996 1 P 0
L 2.803 2.712 2.803 2.826 0 P 0
L 2.803 2.712 2.853 2.712 0 P 0
L 2.803 2.826 2.853 2.826 0 P 0
L 2.805 2.898 2.805 3.012 0 P 0
L 2.805 2.898 2.855 2.898 0 P 0
L 2.805 3.012 2.855 3.012 0 P 0
L 2.8349052 0.7799995 2.8349052 0.8599995 0 P 0
L 2.8349052 0.7799995 2.8349052 0.8599995 0 P 0
L 2.8349052 0.7799995 2.8849052 0.7799995 0 P 0
L 2.8349052 0.7799995 2.8849052 0.7799995 0 P 0
L 2.8349052 0.7959995 2.8849052 0.7959995 1 P 0
L 2.8349052 0.7959995 2.8849052 0.7959995 1 P 0
L 2.8349052 0.8439995 2.8849052 0.8439995 1 P 0
L 2.8349052 0.8439995 2.8849052 0.8439995 1 P 0
L 2.8349052 0.8599995 2.8849052 0.8599995 0 P 0
L 2.8349052 0.8599995 2.8849052 0.8599995 0 P 0
L 2.853 2.712 2.853 2.826 0 P 0
L 2.853 2.723 2.875 2.723 1 P 0
L 2.853 2.741 2.875 2.741 1 P 0
L 2.853 2.797 2.875 2.797 1 P 0
L 2.853 2.815 2.875 2.815 1 P 0
L 2.855 2.898 2.855 3.012 0 P 0
L 2.855 2.946 2.877 2.946 1 P 0
L 2.855 2.964 2.877 2.964 1 P 0
L 2.862 2.728 2.862 2.736 1 P 0
L 2.862 2.802 2.862 2.81 1 P 0
L 2.864 2.951 2.864 2.959 1 P 0
L 2.868 2.723 2.868 2.741 1 P 0
L 2.868 2.797 2.868 2.815 1 P 0
L 2.87 2.946 2.87 2.964 1 P 0
L 2.875 2.723 2.875 2.741 1 P 0
L 2.875 2.797 2.875 2.815 1 P 0
L 2.877 2.946 2.877 2.964 1 P 0
L 2.8849052 0.7799995 2.8849052 0.8599995 0 P 0
L 2.8849052 0.7799995 2.8849052 0.8599995 0 P 0
L 2.9589052 0.6439995 2.9589052 0.7239995 0 P 0
L 2.9589052 0.6439995 2.9589052 0.7239995 0 P 0
L 2.9589052 0.6439995 3.0089052 0.6439995 0 P 0
L 2.9589052 0.6439995 3.0089052 0.6439995 0 P 0
L 2.9589052 0.6599995 3.0089052 0.6599995 1 P 0
L 2.9589052 0.6599995 3.0089052 0.6599995 1 P 0
L 2.9589052 0.7079995 3.0089052 0.7079995 1 P 0
L 2.9589052 0.7079995 3.0089052 0.7079995 1 P 0
L 2.9589052 0.7239995 3.0089052 0.7239995 0 P 0
L 2.9589052 0.7239995 3.0089052 0.7239995 0 P 0
L 2.9739052 0.9139995 2.9739052 0.9639995 0 P 0
L 2.9739052 0.9139995 3.0539052 0.9139995 0 P 0
L 2.9739052 0.9639995 3.0539052 0.9639995 0 P 0
L 2.9899052 0.9139995 2.9899052 0.9639995 1 P 0
L 2.997 3.088 2.997 3.138 0 P 0
L 2.997 3.088 3.077 3.088 0 P 0
L 2.997 3.138 3.077 3.138 0 P 0
L 3.0009052 1.1529995 3.0009052 1.2329995 0 P 0
L 3.0009052 1.1529995 3.0509052 1.1529995 0 P 0
L 3.0009052 1.1689995 3.0509052 1.1689995 1 P 0
L 3.0009052 1.2169995 3.0509052 1.2169995 1 P 0
L 3.0009052 1.2329995 3.0509052 1.2329995 0 P 0
L 3.0089052 0.6439995 3.0089052 0.7239995 0 P 0
L 3.0089052 0.6439995 3.0089052 0.7239995 0 P 0
L 3.013 3.088 3.013 3.138 1 P 0
L 3.0289052 0.6439995 3.0289052 0.7239995 0 P 0
L 3.0289052 0.6439995 3.0289052 0.7239995 0 P 0
L 3.0289052 0.6439995 3.0789052 0.6439995 0 P 0
L 3.0289052 0.6439995 3.0789052 0.6439995 0 P 0
L 3.0289052 0.6599995 3.0789052 0.6599995 1 P 0
L 3.0289052 0.6599995 3.0789052 0.6599995 1 P 0
L 3.0289052 0.7079995 3.0789052 0.7079995 1 P 0
L 3.0289052 0.7079995 3.0789052 0.7079995 1 P 0
L 3.0289052 0.7239995 3.0789052 0.7239995 0 P 0
L 3.0289052 0.7239995 3.0789052 0.7239995 0 P 0
L 3.0379052 0.9139995 3.0379052 0.9639995 1 P 0
L 3.0509052 1.1529995 3.0509052 1.2329995 0 P 0
L 3.0539052 0.9139995 3.0539052 0.9639995 0 P 0
L 3.061 3.088 3.061 3.138 1 P 0
L 3.077 3.088 3.077 3.138 0 P 0
L 3.0789052 0.6439995 3.0789052 0.7239995 0 P 0
L 3.0789052 0.6439995 3.0789052 0.7239995 0 P 0
L 3.1459052 0.9149995 3.1459052 0.9649995 0 P 0
L 3.1459052 0.9149995 3.2259052 0.9149995 0 P 0
L 3.1459052 0.9649995 3.2259052 0.9649995 0 P 0
L 3.1619052 0.9149995 3.1619052 0.9649995 1 P 0
L 3.1749052 0.7079995 3.1749052 0.7579995 0 P 0
L 3.1749052 0.7079995 3.2549052 0.7079995 0 P 0
L 3.1749052 0.7579995 3.2549052 0.7579995 0 P 0
L 3.1909052 0.7079995 3.1909052 0.7579995 1 P 0
L 3.2099052 0.9149995 3.2099052 0.9649995 1 P 0
L 3.2259052 0.9149995 3.2259052 0.9649995 0 P 0
L 3.2389052 0.7079995 3.2389052 0.7579995 1 P 0
L 3.2549052 0.7079995 3.2549052 0.7579995 0 P 0
L 3.2700009 2.6350004 3.2700009 2.6850004 0 P 0
L 3.2700009 2.6350004 3.3500009 2.6350004 0 P 0
L 3.2700009 2.6850004 3.3500009 2.6850004 0 P 0
L 3.2700009 2.7149996 3.2700009 2.7649996 0 P 0
L 3.2700009 2.7149996 3.3500009 2.7149996 0 P 0
L 3.2700009 2.7649996 3.3500009 2.7649996 0 P 0
L 3.2700009 2.795 3.2700009 2.845 0 P 0
L 3.2700009 2.795 3.3500009 2.795 0 P 0
L 3.2700009 2.845 3.3500009 2.845 0 P 0
L 3.2700009 2.8679992 3.2700009 2.9179992 0 P 0
L 3.2700009 2.8679992 3.3500009 2.8679992 0 P 0
L 3.2700009 2.9179992 3.3500009 2.9179992 0 P 0
L 3.2860009 2.6350004 3.2860009 2.6850004 1 P 0
L 3.2860009 2.7149996 3.2860009 2.7649996 1 P 0
L 3.2860009 2.795 3.2860009 2.845 1 P 0
L 3.2860009 2.8679992 3.2860009 2.9179992 1 P 0
L 3.3340009 2.6350004 3.3340009 2.6850004 1 P 0
L 3.3340009 2.7149996 3.3340009 2.7649996 1 P 0
L 3.3340009 2.795 3.3340009 2.845 1 P 0
L 3.3340009 2.8679992 3.3340009 2.9179992 1 P 0
L 3.3500009 2.6350004 3.3500009 2.6850004 0 P 0
L 3.3500009 2.7149996 3.3500009 2.7649996 0 P 0
L 3.3500009 2.795 3.3500009 2.845 0 P 0
L 3.3500009 2.8679992 3.3500009 2.9179992 0 P 0
L 3.3860843 0.7799995 3.3860843 0.8599995 0 P 0
L 3.3860843 0.7799995 3.3860843 0.8599995 0 P 0
L 3.3860843 0.7799995 3.4360843 0.7799995 0 P 0
L 3.3860843 0.7799995 3.4360843 0.7799995 0 P 0
L 3.3860843 0.7959995 3.4360843 0.7959995 1 P 0
L 3.3860843 0.7959995 3.4360843 0.7959995 1 P 0
L 3.3860843 0.8439995 3.4360843 0.8439995 1 P 0
L 3.3860843 0.8439995 3.4360843 0.8439995 1 P 0
L 3.3860843 0.8599995 3.4360843 0.8599995 0 P 0
L 3.3860843 0.8599995 3.4360843 0.8599995 0 P 0
L 3.4360843 0.7799995 3.4360843 0.8599995 0 P 0
L 3.4360843 0.7799995 3.4360843 0.8599995 0 P 0
L 3.5100843 0.6439995 3.5100843 0.7239995 0 P 0
L 3.5100843 0.6439995 3.5100843 0.7239995 0 P 0
L 3.5100843 0.6439995 3.5600843 0.6439995 0 P 0
L 3.5100843 0.6439995 3.5600843 0.6439995 0 P 0
L 3.5100843 0.6599995 3.5600843 0.6599995 1 P 0
L 3.5100843 0.6599995 3.5600843 0.6599995 1 P 0
L 3.5100843 0.7079995 3.5600843 0.7079995 1 P 0
L 3.5100843 0.7079995 3.5600843 0.7079995 1 P 0
L 3.5100843 0.7239995 3.5600843 0.7239995 0 P 0
L 3.5100843 0.7239995 3.5600843 0.7239995 0 P 0
L 3.5250843 0.9139995 3.5250843 0.9639995 0 P 0
L 3.5250843 0.9139995 3.6050843 0.9139995 0 P 0
L 3.5250843 0.9639995 3.6050843 0.9639995 0 P 0
L 3.5410843 0.9139995 3.5410843 0.9639995 1 P 0
L 3.5520843 1.1529995 3.5520843 1.2329995 0 P 0
L 3.5520843 1.1529995 3.6020843 1.1529995 0 P 0
L 3.5520843 1.1689995 3.6020843 1.1689995 1 P 0
L 3.5520843 1.2169995 3.6020843 1.2169995 1 P 0
L 3.5520843 1.2329995 3.6020843 1.2329995 0 P 0
L 3.5600843 0.6439995 3.5600843 0.7239995 0 P 0
L 3.5600843 0.6439995 3.5600843 0.7239995 0 P 0
L 3.5800843 0.6439995 3.5800843 0.7239995 0 P 0
L 3.5800843 0.6439995 3.5800843 0.7239995 0 P 0
L 3.5800843 0.6439995 3.6300843 0.6439995 0 P 0
L 3.5800843 0.6439995 3.6300843 0.6439995 0 P 0
L 3.5800843 0.6599995 3.6300843 0.6599995 1 P 0
L 3.5800843 0.6599995 3.6300843 0.6599995 1 P 0
L 3.5800843 0.7079995 3.6300843 0.7079995 1 P 0
L 3.5800843 0.7079995 3.6300843 0.7079995 1 P 0
L 3.5800843 0.7239995 3.6300843 0.7239995 0 P 0
L 3.5800843 0.7239995 3.6300843 0.7239995 0 P 0
L 3.5890843 0.9139995 3.5890843 0.9639995 1 P 0
L 3.6020843 1.1529995 3.6020843 1.2329995 0 P 0
L 3.6050843 0.9139995 3.6050843 0.9639995 0 P 0
L 3.6300843 0.6439995 3.6300843 0.7239995 0 P 0
L 3.6300843 0.6439995 3.6300843 0.7239995 0 P 0
L 3.6599994 2.1849992 3.6599994 2.2649992 0 P 0
L 3.6599994 2.1849992 3.7099994 2.1849992 0 P 0
L 3.6599994 2.2009992 3.7099994 2.2009992 1 P 0
L 3.6599994 2.2489992 3.7099994 2.2489992 1 P 0
L 3.6599994 2.2649992 3.7099994 2.2649992 0 P 0
L 3.6600006 1.968 3.6600006 2.048 0 P 0
L 3.6600006 1.968 3.7100006 1.968 0 P 0
L 3.6600006 1.984 3.7100006 1.984 1 P 0
L 3.6600006 2.032 3.7100006 2.032 1 P 0
L 3.6600006 2.048 3.7100006 2.048 0 P 0
L 3.6970843 0.9149995 3.6970843 0.9649995 0 P 0
L 3.6970843 0.9149995 3.7770843 0.9149995 0 P 0
L 3.6970843 0.9649995 3.7770843 0.9649995 0 P 0
L 3.7099994 2.1849992 3.7099994 2.2649992 0 P 0
L 3.7100006 1.968 3.7100006 2.048 0 P 0
L 3.7130843 0.9149995 3.7130843 0.9649995 1 P 0
L 3.7260843 0.7079995 3.7260843 0.7579995 0 P 0
L 3.7260843 0.7079995 3.8060843 0.7079995 0 P 0
L 3.7260843 0.7579995 3.8060843 0.7579995 0 P 0
L 3.7420843 0.7079995 3.7420843 0.7579995 1 P 0
L 3.7610843 0.9149995 3.7610843 0.9649995 1 P 0
L 3.7770843 0.9149995 3.7770843 0.9649995 0 P 0
L 3.7900843 0.7079995 3.7900843 0.7579995 1 P 0
L 3.8060843 0.7079995 3.8060843 0.7579995 0 P 0
L 3.865 2.625 3.865 2.705 0 P 0
L 3.865 2.625 3.915 2.625 0 P 0
L 3.865 2.641 3.915 2.641 1 P 0
L 3.865 2.689 3.915 2.689 1 P 0
L 3.865 2.705 3.915 2.705 0 P 0
L 3.915 2.625 3.915 2.705 0 P 0
L 3.9372674 0.7799995 3.9372674 0.8599995 0 P 0
L 3.9372674 0.7799995 3.9372674 0.8599995 0 P 0
L 3.9372674 0.7799995 3.9872674 0.7799995 0 P 0
L 3.9372674 0.7799995 3.9872674 0.7799995 0 P 0
L 3.9372674 0.7959995 3.9872674 0.7959995 1 P 0
L 3.9372674 0.7959995 3.9872674 0.7959995 1 P 0
L 3.9372674 0.8439995 3.9872674 0.8439995 1 P 0
L 3.9372674 0.8439995 3.9872674 0.8439995 1 P 0
L 3.9372674 0.8599995 3.9872674 0.8599995 0 P 0
L 3.9372674 0.8599995 3.9872674 0.8599995 0 P 0
L 3.9872674 0.7799995 3.9872674 0.8599995 0 P 0
L 3.9872674 0.7799995 3.9872674 0.8599995 0 P 0
L 4.0612674 0.6439995 4.0612674 0.7239995 0 P 0
L 4.0612674 0.6439995 4.0612674 0.7239995 0 P 0
L 4.0612674 0.6439995 4.1112674 0.6439995 0 P 0
L 4.0612674 0.6439995 4.1112674 0.6439995 0 P 0
L 4.0612674 0.6599995 4.1112674 0.6599995 1 P 0
L 4.0612674 0.6599995 4.1112674 0.6599995 1 P 0
L 4.0612674 0.7079995 4.1112674 0.7079995 1 P 0
L 4.0612674 0.7079995 4.1112674 0.7079995 1 P 0
L 4.0612674 0.7239995 4.1112674 0.7239995 0 P 0
L 4.0612674 0.7239995 4.1112674 0.7239995 0 P 0
L 4.0762674 0.9139995 4.0762674 0.9639995 0 P 0
L 4.0762674 0.9139995 4.1562674 0.9139995 0 P 0
L 4.0762674 0.9639995 4.1562674 0.9639995 0 P 0
L 4.0922674 0.9139995 4.0922674 0.9639995 1 P 0
L 4.0960006 2.1520004 4.0960006 2.2320004 0 P 0
L 4.0960006 2.1520004 4.1460006 2.1520004 0 P 0
L 4.0960006 2.1680004 4.1460006 2.1680004 1 P 0
L 4.0960006 2.2160004 4.1460006 2.2160004 1 P 0
L 4.0960006 2.2320004 4.1460006 2.2320004 0 P 0
L 4.0970006 1.9560004 4.0970006 2.0360004 0 P 0
L 4.0970006 1.9560004 4.1470006 1.9560004 0 P 0
L 4.0970006 1.9720004 4.1470006 1.9720004 1 P 0
L 4.0970006 2.0200004 4.1470006 2.0200004 1 P 0
L 4.0970006 2.0360004 4.1470006 2.0360004 0 P 0
L 4.1032674 1.1529995 4.1032674 1.2329995 0 P 0
L 4.1032674 1.1529995 4.1532674 1.1529995 0 P 0
L 4.1032674 1.1689995 4.1532674 1.1689995 1 P 0
L 4.1032674 1.2169995 4.1532674 1.2169995 1 P 0
L 4.1032674 1.2329995 4.1532674 1.2329995 0 P 0
L 4.1112674 0.6439995 4.1112674 0.7239995 0 P 0
L 4.1112674 0.6439995 4.1112674 0.7239995 0 P 0
L 4.1312674 0.6439995 4.1312674 0.7239995 0 P 0
L 4.1312674 0.6439995 4.1312674 0.7239995 0 P 0
L 4.1312674 0.6439995 4.1812674 0.6439995 0 P 0
L 4.1312674 0.6439995 4.1812674 0.6439995 0 P 0
L 4.1312674 0.6599995 4.1812674 0.6599995 1 P 0
L 4.1312674 0.6599995 4.1812674 0.6599995 1 P 0
L 4.1312674 0.7079995 4.1812674 0.7079995 1 P 0
L 4.1312674 0.7079995 4.1812674 0.7079995 1 P 0
L 4.1312674 0.7239995 4.1812674 0.7239995 0 P 0
L 4.1312674 0.7239995 4.1812674 0.7239995 0 P 0
L 4.1402674 0.9139995 4.1402674 0.9639995 1 P 0
L 4.1460006 2.1520004 4.1460006 2.2320004 0 P 0
L 4.1470006 1.9560004 4.1470006 2.0360004 0 P 0
L 4.1532674 1.1529995 4.1532674 1.2329995 0 P 0
L 4.1562674 0.9139995 4.1562674 0.9639995 0 P 0
L 4.1812674 0.6439995 4.1812674 0.7239995 0 P 0
L 4.1812674 0.6439995 4.1812674 0.7239995 0 P 0
L 4.2482674 0.9149995 4.2482674 0.9649995 0 P 0
L 4.2482674 0.9149995 4.3282674 0.9149995 0 P 0
L 4.2482674 0.9649995 4.3282674 0.9649995 0 P 0
L 4.2642674 0.9149995 4.2642674 0.9649995 1 P 0
L 4.2772674 0.7079995 4.2772674 0.7579995 0 P 0
L 4.2772674 0.7079995 4.3572674 0.7079995 0 P 0
L 4.2772674 0.7579995 4.3572674 0.7579995 0 P 0
L 4.2932674 0.7079995 4.2932674 0.7579995 1 P 0
L 4.3122674 0.9149995 4.3122674 0.9649995 1 P 0
L 4.3282674 0.9149995 4.3282674 0.9649995 0 P 0
L 4.3412674 0.7079995 4.3412674 0.7579995 1 P 0
L 4.3572674 0.7079995 4.3572674 0.7579995 0 P 0
L 4.8551088 1.2691974 4.8551088 1.3491974 0 P 0
L 4.8551088 1.2691974 4.9051088 1.2691974 0 P 0
L 4.8551088 1.2851974 4.9051088 1.2851974 1 P 0
L 4.8551088 1.3331974 4.9051088 1.3331974 1 P 0
L 4.8551088 1.3491974 4.9051088 1.3491974 0 P 0
L 4.858109 1.1011976 4.858109 1.1811976 0 P 0
L 4.858109 1.1011976 4.908109 1.1011976 0 P 0
L 4.858109 1.1171976 4.908109 1.1171976 1 P 0
L 4.858109 1.1651976 4.908109 1.1651976 1 P 0
L 4.858109 1.1811976 4.908109 1.1811976 0 P 0
L 4.862109 1.4821976 4.862109 1.5621976 0 P 0
L 4.862109 1.4821976 4.912109 1.4821976 0 P 0
L 4.862109 1.4981976 4.912109 1.4981976 1 P 0
L 4.862109 1.5461976 4.912109 1.5461976 1 P 0
L 4.862109 1.5621976 4.912109 1.5621976 0 P 0
L 4.8901102 0.4421976 4.8901102 0.5221976 0 P 0
L 4.8901102 0.4421976 4.9401102 0.4421976 0 P 0
L 4.8901102 0.4581976 4.9401102 0.4581976 1 P 0
L 4.8901102 0.5061976 4.9401102 0.5061976 1 P 0
L 4.8901102 0.5221976 4.9401102 0.5221976 0 P 0
L 4.9051088 1.2691974 4.9051088 1.3491974 0 P 0
L 4.908109 1.1011976 4.908109 1.1811976 0 P 0
L 4.912109 1.4821976 4.912109 1.5621976 0 P 0
L 4.9401102 0.4421976 4.9401102 0.5221976 0 P 0
L 4.9761092 0.9331974 4.9761092 1.0131974 0 P 0
L 4.9761092 0.9331974 5.0261092 0.9331974 0 P 0
L 4.9761092 0.9491974 5.0261092 0.9491974 1 P 0
L 4.9761092 0.9971974 5.0261092 0.9971974 1 P 0
L 4.9761092 1.0131974 5.0261092 1.0131974 0 P 0
L 4.9891094 1.4861976 4.9891094 1.5661976 0 P 0
L 4.9891094 1.4861976 5.0391094 1.4861976 0 P 0
L 4.9891094 1.5021976 5.0391094 1.5021976 1 P 0
L 4.9891094 1.5501976 5.0391094 1.5501976 1 P 0
L 4.9891094 1.5661976 5.0391094 1.5661976 0 P 0
L 5.0261092 0.9331974 5.0261092 1.0131974 0 P 0
L 5.0391094 1.4861976 5.0391094 1.5661976 0 P 0
L 5.0650004 2.0449994 5.0650004 2.1249994 0 P 0
L 5.0650004 2.0449994 5.1150004 2.0449994 0 P 0
L 5.0650004 2.0609994 5.1150004 2.0609994 1 P 0
L 5.0650004 2.1089994 5.1150004 2.1089994 1 P 0
L 5.0650004 2.1249994 5.1150004 2.1249994 0 P 0
L 5.0650008 2.2370006 5.0650008 2.3170006 0 P 0
L 5.0650008 2.2370006 5.1150008 2.2370006 0 P 0
L 5.0650008 2.2530006 5.1150008 2.2530006 1 P 0
L 5.0650008 2.3010006 5.1150008 2.3010006 1 P 0
L 5.0650008 2.3170006 5.1150008 2.3170006 0 P 0
L 5.1150004 2.0449994 5.1150004 2.1249994 0 P 0
L 5.1150008 2.2370006 5.1150008 2.3170006 0 P 0
L 5.115109 1.4941976 5.115109 1.5741976 0 P 0
L 5.115109 1.4941976 5.165109 1.4941976 0 P 0
L 5.115109 1.5101976 5.165109 1.5101976 1 P 0
L 5.115109 1.5581976 5.165109 1.5581976 1 P 0
L 5.115109 1.5741976 5.165109 1.5741976 0 P 0
L 5.1391096 0.9161974 5.1391096 0.9961974 0 P 0
L 5.1391096 0.9161974 5.1891096 0.9161974 0 P 0
L 5.1391096 0.9321974 5.1891096 0.9321974 1 P 0
L 5.1391096 0.9801974 5.1891096 0.9801974 1 P 0
L 5.1391096 0.9961974 5.1891096 0.9961974 0 P 0
L 5.165109 1.4941976 5.165109 1.5741976 0 P 0
L 5.1891096 0.9161974 5.1891096 0.9961974 0 P 0
L 5.257109 1.5551976 5.257109 1.6351976 0 P 0
L 5.257109 1.5551976 5.307109 1.5551976 0 P 0
L 5.257109 1.5711976 5.307109 1.5711976 1 P 0
L 5.257109 1.6191976 5.307109 1.6191976 1 P 0
L 5.257109 1.6351976 5.307109 1.6351976 0 P 0
L 5.307109 1.5551976 5.307109 1.6351976 0 P 0
L 5.3121097 1.0431975 5.3121097 1.1231975 0 P 0
L 5.3121097 1.0431975 5.3621097 1.0431975 0 P 0
L 5.3121097 1.0591975 5.3621097 1.0591975 1 P 0
L 5.3121097 1.1071975 5.3621097 1.1071975 1 P 0
L 5.3121097 1.1231975 5.3621097 1.1231975 0 P 0
L 5.3621097 1.0431975 5.3621097 1.1231975 0 P 0
L 5.4062879 1.2691974 5.4062879 1.3491974 0 P 0
L 5.4062879 1.2691974 5.4562879 1.2691974 0 P 0
L 5.4062879 1.2851974 5.4562879 1.2851974 1 P 0
L 5.4062879 1.3331974 5.4562879 1.3331974 1 P 0
L 5.4062879 1.3491974 5.4562879 1.3491974 0 P 0
L 5.4092881 1.1011976 5.4092881 1.1811976 0 P 0
L 5.4092881 1.1011976 5.4592881 1.1011976 0 P 0
L 5.4092881 1.1171976 5.4592881 1.1171976 1 P 0
L 5.4092881 1.1651976 5.4592881 1.1651976 1 P 0
L 5.4092881 1.1811976 5.4592881 1.1811976 0 P 0
L 5.4132881 1.4821976 5.4132881 1.5621976 0 P 0
L 5.4132881 1.4821976 5.4632881 1.4821976 0 P 0
L 5.4132881 1.4981976 5.4632881 1.4981976 1 P 0
L 5.4132881 1.5461976 5.4632881 1.5461976 1 P 0
L 5.4132881 1.5621976 5.4632881 1.5621976 0 P 0
L 5.4412893 0.4421976 5.4412893 0.5221976 0 P 0
L 5.4412893 0.4421976 5.4912893 0.4421976 0 P 0
L 5.4412893 0.4581976 5.4912893 0.4581976 1 P 0
L 5.4412893 0.5061976 5.4912893 0.5061976 1 P 0
L 5.4412893 0.5221976 5.4912893 0.5221976 0 P 0
L 5.4562879 1.2691974 5.4562879 1.3491974 0 P 0
L 5.4592881 1.1011976 5.4592881 1.1811976 0 P 0
L 5.4632881 1.4821976 5.4632881 1.5621976 0 P 0
L 5.4912893 0.4421976 5.4912893 0.5221976 0 P 0
L 5.5200009 2.5549992 5.5200009 2.6049992 0 P 0
L 5.5200009 2.5549992 5.6000009 2.5549992 0 P 0
L 5.5200009 2.6049992 5.6000009 2.6049992 0 P 0
L 5.5200009 2.6349996 5.5200009 2.6849996 0 P 0
L 5.5200009 2.6349996 5.6000009 2.6349996 0 P 0
L 5.5200009 2.6849996 5.6000009 2.6849996 0 P 0
L 5.5200009 2.7250008 5.5200009 2.7750008 0 P 0
L 5.5200009 2.7250008 5.6000009 2.7250008 0 P 0
L 5.5200009 2.7750008 5.6000009 2.7750008 0 P 0
L 5.5200009 2.815 5.5200009 2.865 0 P 0
L 5.5200009 2.815 5.6000009 2.815 0 P 0
L 5.5200009 2.865 5.6000009 2.865 0 P 0
L 5.5272883 0.9331974 5.5272883 1.0131974 0 P 0
L 5.5272883 0.9331974 5.5772883 0.9331974 0 P 0
L 5.5272883 0.9491974 5.5772883 0.9491974 1 P 0
L 5.5272883 0.9971974 5.5772883 0.9971974 1 P 0
L 5.5272883 1.0131974 5.5772883 1.0131974 0 P 0
L 5.5360009 2.5549992 5.5360009 2.6049992 1 P 0
L 5.5360009 2.6349996 5.5360009 2.6849996 1 P 0
L 5.5360009 2.7250008 5.5360009 2.7750008 1 P 0
L 5.5360009 2.815 5.5360009 2.865 1 P 0
L 5.5402885 1.4861976 5.5402885 1.5661976 0 P 0
L 5.5402885 1.4861976 5.5902885 1.4861976 0 P 0
L 5.5402885 1.5021976 5.5902885 1.5021976 1 P 0
L 5.5402885 1.5501976 5.5902885 1.5501976 1 P 0
L 5.5402885 1.5661976 5.5902885 1.5661976 0 P 0
L 5.5772883 0.9331974 5.5772883 1.0131974 0 P 0
L 5.5840009 2.5549992 5.5840009 2.6049992 1 P 0
L 5.5840009 2.6349996 5.5840009 2.6849996 1 P 0
L 5.5840009 2.7250008 5.5840009 2.7750008 1 P 0
L 5.5840009 2.815 5.5840009 2.865 1 P 0
L 5.5902885 1.4861976 5.5902885 1.5661976 0 P 0
L 5.6000009 2.5549992 5.6000009 2.6049992 0 P 0
L 5.6000009 2.6349996 5.6000009 2.6849996 0 P 0
L 5.6000009 2.7250008 5.6000009 2.7750008 0 P 0
L 5.6000009 2.815 5.6000009 2.865 0 P 0
L 5.6662881 1.4941976 5.6662881 1.5741976 0 P 0
L 5.6662881 1.4941976 5.7162881 1.4941976 0 P 0
L 5.6662881 1.5101976 5.7162881 1.5101976 1 P 0
L 5.6662881 1.5581976 5.7162881 1.5581976 1 P 0
L 5.6662881 1.5741976 5.7162881 1.5741976 0 P 0
L 5.6902887 0.9161974 5.6902887 0.9961974 0 P 0
L 5.6902887 0.9161974 5.7402887 0.9161974 0 P 0
L 5.6902887 0.9321974 5.7402887 0.9321974 1 P 0
L 5.6902887 0.9801974 5.7402887 0.9801974 1 P 0
L 5.6902887 0.9961974 5.7402887 0.9961974 0 P 0
L 5.7162881 1.4941976 5.7162881 1.5741976 0 P 0
L 5.7402887 0.9161974 5.7402887 0.9961974 0 P 0
L 5.8082881 1.5551976 5.8082881 1.6351976 0 P 0
L 5.8082881 1.5551976 5.8582881 1.5551976 0 P 0
L 5.8082881 1.5711976 5.8582881 1.5711976 1 P 0
L 5.8082881 1.6191976 5.8582881 1.6191976 1 P 0
L 5.8082881 1.6351976 5.8582881 1.6351976 0 P 0
L 5.8582881 1.5551976 5.8582881 1.6351976 0 P 0
L 5.8632888 1.0431975 5.8632888 1.1231975 0 P 0
L 5.8632888 1.0431975 5.9132888 1.0431975 0 P 0
L 5.8632888 1.0591975 5.9132888 1.0591975 1 P 0
L 5.8632888 1.1071975 5.9132888 1.1071975 1 P 0
L 5.8632888 1.1231975 5.9132888 1.1231975 0 P 0
L 5.9132888 1.0431975 5.9132888 1.1231975 0 P 0
L 5.957471 1.2691974 5.957471 1.3491974 0 P 0
L 5.957471 1.2691974 6.007471 1.2691974 0 P 0
L 5.957471 1.2851974 6.007471 1.2851974 1 P 0
L 5.957471 1.3331974 6.007471 1.3331974 1 P 0
L 5.957471 1.3491974 6.007471 1.3491974 0 P 0
L 5.9604712 1.1011976 5.9604712 1.1811976 0 P 0
L 5.9604712 1.1011976 6.0104712 1.1011976 0 P 0
L 5.9604712 1.1171976 6.0104712 1.1171976 1 P 0
L 5.9604712 1.1651976 6.0104712 1.1651976 1 P 0
L 5.9604712 1.1811976 6.0104712 1.1811976 0 P 0
L 5.9644712 1.4821976 5.9644712 1.5621976 0 P 0
L 5.9644712 1.4821976 6.0144712 1.4821976 0 P 0
L 5.9644712 1.4981976 6.0144712 1.4981976 1 P 0
L 5.9644712 1.5461976 6.0144712 1.5461976 1 P 0
L 5.9644712 1.5621976 6.0144712 1.5621976 0 P 0
L 5.9924724 0.4421976 5.9924724 0.5221976 0 P 0
L 5.9924724 0.4421976 6.0424724 0.4421976 0 P 0
L 5.9924724 0.4581976 6.0424724 0.4581976 1 P 0
L 5.9924724 0.5061976 6.0424724 0.5061976 1 P 0
L 5.9924724 0.5221976 6.0424724 0.5221976 0 P 0
L 6.007471 1.2691974 6.007471 1.3491974 0 P 0
L 6.0104712 1.1011976 6.0104712 1.1811976 0 P 0
L 6.0144712 1.4821976 6.0144712 1.5621976 0 P 0
L 6.0424724 0.4421976 6.0424724 0.5221976 0 P 0
L 6.0784714 0.9331974 6.0784714 1.0131974 0 P 0
L 6.0784714 0.9331974 6.1284714 0.9331974 0 P 0
L 6.0784714 0.9491974 6.1284714 0.9491974 1 P 0
L 6.0784714 0.9971974 6.1284714 0.9971974 1 P 0
L 6.0784714 1.0131974 6.1284714 1.0131974 0 P 0
L 6.0914716 1.4861976 6.0914716 1.5661976 0 P 0
L 6.0914716 1.4861976 6.1414716 1.4861976 0 P 0
L 6.0914716 1.5021976 6.1414716 1.5021976 1 P 0
L 6.0914716 1.5501976 6.1414716 1.5501976 1 P 0
L 6.0914716 1.5661976 6.1414716 1.5661976 0 P 0
L 6.114 2.5830009 6.114 2.6630009 0 P 0
L 6.114 2.5830009 6.164 2.5830009 0 P 0
L 6.114 2.5990009 6.164 2.5990009 1 P 0
L 6.114 2.6470009 6.164 2.6470009 1 P 0
L 6.114 2.6630009 6.164 2.6630009 0 P 0
L 6.1284714 0.9331974 6.1284714 1.0131974 0 P 0
L 6.1414716 1.4861976 6.1414716 1.5661976 0 P 0
L 6.164 2.5830009 6.164 2.6630009 0 P 0
L 6.2174712 1.4941976 6.2174712 1.5741976 0 P 0
L 6.2174712 1.4941976 6.2674712 1.4941976 0 P 0
L 6.2174712 1.5101976 6.2674712 1.5101976 1 P 0
L 6.2174712 1.5581976 6.2674712 1.5581976 1 P 0
L 6.2174712 1.5741976 6.2674712 1.5741976 0 P 0
L 6.2414718 0.9161974 6.2414718 0.9961974 0 P 0
L 6.2414718 0.9161974 6.2914718 0.9161974 0 P 0
L 6.2414718 0.9321974 6.2914718 0.9321974 1 P 0
L 6.2414718 0.9801974 6.2914718 0.9801974 1 P 0
L 6.2414718 0.9961974 6.2914718 0.9961974 0 P 0
L 6.2674712 1.4941976 6.2674712 1.5741976 0 P 0
L 6.2914718 0.9161974 6.2914718 0.9961974 0 P 0
L 6.3594712 1.5551976 6.3594712 1.6351976 0 P 0
L 6.3594712 1.5551976 6.4094712 1.5551976 0 P 0
L 6.3594712 1.5711976 6.4094712 1.5711976 1 P 0
L 6.3594712 1.6191976 6.4094712 1.6191976 1 P 0
L 6.3594712 1.6351976 6.4094712 1.6351976 0 P 0
L 6.4094712 1.5551976 6.4094712 1.6351976 0 P 0
L 6.4144719 1.0431975 6.4144719 1.1231975 0 P 0
L 6.4144719 1.0431975 6.4644719 1.0431975 0 P 0
L 6.4144719 1.0591975 6.4644719 1.0591975 1 P 0
L 6.4144719 1.1071975 6.4644719 1.1071975 1 P 0
L 6.4144719 1.1231975 6.4644719 1.1231975 0 P 0
L 6.4644719 1.0431975 6.4644719 1.1231975 0 P 0
L 6.5086501 1.2691974 6.5086501 1.3491974 0 P 0
L 6.5086501 1.2691974 6.5586501 1.2691974 0 P 0
L 6.5086501 1.2851974 6.5586501 1.2851974 1 P 0
L 6.5086501 1.3331974 6.5586501 1.3331974 1 P 0
L 6.5086501 1.3491974 6.5586501 1.3491974 0 P 0
L 6.5116503 1.1011976 6.5116503 1.1811976 0 P 0
L 6.5116503 1.1011976 6.5616503 1.1011976 0 P 0
L 6.5116503 1.1171976 6.5616503 1.1171976 1 P 0
L 6.5116503 1.1651976 6.5616503 1.1651976 1 P 0
L 6.5116503 1.1811976 6.5616503 1.1811976 0 P 0
L 6.5156503 1.4821976 6.5156503 1.5621976 0 P 0
L 6.5156503 1.4821976 6.5656503 1.4821976 0 P 0
L 6.5156503 1.4981976 6.5656503 1.4981976 1 P 0
L 6.5156503 1.5461976 6.5656503 1.5461976 1 P 0
L 6.5156503 1.5621976 6.5656503 1.5621976 0 P 0
L 6.5436515 0.4421976 6.5436515 0.5221976 0 P 0
L 6.5436515 0.4421976 6.5936515 0.4421976 0 P 0
L 6.5436515 0.4581976 6.5936515 0.4581976 1 P 0
L 6.5436515 0.5061976 6.5936515 0.5061976 1 P 0
L 6.5436515 0.5221976 6.5936515 0.5221976 0 P 0
L 6.5586501 1.2691974 6.5586501 1.3491974 0 P 0
L 6.5616503 1.1011976 6.5616503 1.1811976 0 P 0
L 6.5656503 1.4821976 6.5656503 1.5621976 0 P 0
L 6.5936515 0.4421976 6.5936515 0.5221976 0 P 0
L 6.6296505 0.9331974 6.6296505 1.0131974 0 P 0
L 6.6296505 0.9331974 6.6796505 0.9331974 0 P 0
L 6.6296505 0.9491974 6.6796505 0.9491974 1 P 0
L 6.6296505 0.9971974 6.6796505 0.9971974 1 P 0
L 6.6296505 1.0131974 6.6796505 1.0131974 0 P 0
L 6.6426507 1.4861976 6.6426507 1.5661976 0 P 0
L 6.6426507 1.4861976 6.6926507 1.4861976 0 P 0
L 6.6426507 1.5021976 6.6926507 1.5021976 1 P 0
L 6.6426507 1.5501976 6.6926507 1.5501976 1 P 0
L 6.6426507 1.5661976 6.6926507 1.5661976 0 P 0
L 6.6796505 0.9331974 6.6796505 1.0131974 0 P 0
L 6.6926507 1.4861976 6.6926507 1.5661976 0 P 0
L 6.7686503 1.4941976 6.7686503 1.5741976 0 P 0
L 6.7686503 1.4941976 6.8186503 1.4941976 0 P 0
L 6.7686503 1.5101976 6.8186503 1.5101976 1 P 0
L 6.7686503 1.5581976 6.8186503 1.5581976 1 P 0
L 6.7686503 1.5741976 6.8186503 1.5741976 0 P 0
L 6.7926509 0.9161974 6.7926509 0.9961974 0 P 0
L 6.7926509 0.9161974 6.8426509 0.9161974 0 P 0
L 6.7926509 0.9321974 6.8426509 0.9321974 1 P 0
L 6.7926509 0.9801974 6.8426509 0.9801974 1 P 0
L 6.7926509 0.9961974 6.8426509 0.9961974 0 P 0
L 6.8186503 1.4941976 6.8186503 1.5741976 0 P 0
L 6.8426509 0.9161974 6.8426509 0.9961974 0 P 0
L 6.9106503 1.5551976 6.9106503 1.6351976 0 P 0
L 6.9106503 1.5551976 6.9606503 1.5551976 0 P 0
L 6.9106503 1.5711976 6.9606503 1.5711976 1 P 0
L 6.9106503 1.6191976 6.9606503 1.6191976 1 P 0
L 6.9106503 1.6351976 6.9606503 1.6351976 0 P 0
L 6.9606503 1.5551976 6.9606503 1.6351976 0 P 0
L 6.965651 1.0431975 6.965651 1.1231975 0 P 0
L 6.965651 1.0431975 7.015651 1.0431975 0 P 0
L 6.965651 1.0591975 7.015651 1.0591975 1 P 0
L 6.965651 1.1071975 7.015651 1.1071975 1 P 0
L 6.965651 1.1231975 7.015651 1.1231975 0 P 0
L 7.015651 1.0431975 7.015651 1.1231975 0 P 0
P 0.2875195 2.2110671 4 P 0 0
P 0.3115035 2.5199999 4 P 0 0
P 0.5414805 2.2159345 4 P 0 0
