#Layer_Color=32768
#
#Feature symbol names
#
$0 r5
$1 r6
$2 r2
$3 r4
$4 r7
$5 rect150x80

#
#Feature attribute names
#

#
#Layer features
#
L -1.1931575 1.5135676 -1.1931575 1.5315676 2 P 0
L -1.1931575 1.5875676 -1.1931575 1.6055676 2 P 0
L -1.1931575 1.6935676 -1.1931575 1.7115676 2 P 0
L -1.1931575 1.7675676 -1.1931575 1.7855676 2 P 0
L -1.2001575 1.5135676 -1.2001575 1.5315676 2 P 0
L -1.2001575 1.5875676 -1.2001575 1.6055676 2 P 0
L -1.2001575 1.6935676 -1.2001575 1.7115676 2 P 0
L -1.2001575 1.7675676 -1.2001575 1.7855676 2 P 0
L -1.2061575 1.5185676 -1.2061575 1.5265676 2 P 0
L -1.2061575 1.5925676 -1.2061575 1.6005676 2 P 0
L -1.2061575 1.6985676 -1.2061575 1.7065676 2 P 0
L -1.2061575 1.7725676 -1.2061575 1.7805676 2 P 0
L -1.2151575 1.5025676 -1.2151575 1.6165676 1 P 0
L -1.2151575 1.5135676 -1.1931575 1.5135676 2 P 0
L -1.2151575 1.5315676 -1.1931575 1.5315676 2 P 0
L -1.2151575 1.5875676 -1.1931575 1.5875676 2 P 0
L -1.2151575 1.6055676 -1.1931575 1.6055676 2 P 0
L -1.2151575 1.6825676 -1.2151575 1.7965676 1 P 0
L -1.2151575 1.6935676 -1.1931575 1.6935676 2 P 0
L -1.2151575 1.7115676 -1.1931575 1.7115676 2 P 0
L -1.2151575 1.7675676 -1.1931575 1.7675676 2 P 0
L -1.2151575 1.7855676 -1.1931575 1.7855676 2 P 0
L -1.24 2.64 -1.24 2.69 1 P 0
L -1.2415386 2.48 -1.2415386 2.53 1 P 0
L -1.2429528 2.56 -1.2429528 2.61 1 P 0
L -1.256 2.64 -1.256 2.69 2 P 0
L -1.2575386 2.48 -1.2575386 2.53 2 P 0
L -1.2589528 2.56 -1.2589528 2.61 2 P 0
L -1.2651575 1.5025676 -1.2151575 1.5025676 1 P 0
L -1.2651575 1.5025676 -1.2651575 1.6165676 1 P 0
L -1.2651575 1.6165676 -1.2151575 1.6165676 1 P 0
L -1.2651575 1.6825676 -1.2151575 1.6825676 1 P 0
L -1.2651575 1.6825676 -1.2651575 1.7965676 1 P 0
L -1.2651575 1.7965676 -1.2151575 1.7965676 1 P 0
L -1.2741575 1.5555676 -1.2741575 1.5635676 2 P 0
L -1.2741575 1.7355676 -1.2741575 1.7435676 2 P 0
L -1.2801575 1.5505676 -1.2801575 1.5685676 2 P 0
L -1.2801575 1.7305676 -1.2801575 1.7485676 2 P 0
L -1.2871575 1.5505676 -1.2651575 1.5505676 2 P 0
L -1.2871575 1.5505676 -1.2871575 1.5685676 2 P 0
L -1.2871575 1.5685676 -1.2651575 1.5685676 2 P 0
L -1.2871575 1.7305676 -1.2651575 1.7305676 2 P 0
L -1.2871575 1.7305676 -1.2871575 1.7485676 2 P 0
L -1.2871575 1.7485676 -1.2651575 1.7485676 2 P 0
L -1.304 2.64 -1.304 2.69 2 P 0
L -1.3055386 2.48 -1.3055386 2.53 2 P 0
L -1.3069528 2.56 -1.3069528 2.61 2 P 0
L -1.32 2.64 -1.24 2.64 1 P 0
L -1.32 2.64 -1.32 2.69 1 P 0
L -1.32 2.69 -1.24 2.69 1 P 0
L -1.3215386 2.48 -1.2415386 2.48 1 P 0
L -1.3215386 2.48 -1.3215386 2.53 1 P 0
L -1.3215386 2.53 -1.2415386 2.53 1 P 0
L -1.3229528 2.56 -1.2429528 2.56 1 P 0
L -1.3229528 2.56 -1.3229528 2.61 1 P 0
L -1.3229528 2.61 -1.2429528 2.61 1 P 0
L -1.3796063 0.954225 -1.3796063 1.034225 1 P 0
L -1.3896063 0.564225 -1.3896063 0.644225 1 P 0
L -1.4296063 0.954225 -1.3796063 0.954225 1 P 0
L -1.4296063 0.954225 -1.4296063 1.034225 1 P 0
L -1.4296063 0.970225 -1.3796063 0.970225 2 P 0
L -1.4296063 1.018225 -1.3796063 1.018225 2 P 0
L -1.4296063 1.034225 -1.3796063 1.034225 1 P 0
L -1.4396063 0.564225 -1.3896063 0.564225 1 P 0
L -1.4396063 0.564225 -1.4396063 0.644225 1 P 0
L -1.4396063 0.580225 -1.3896063 0.580225 2 P 0
L -1.4396063 0.628225 -1.3896063 0.628225 2 P 0
L -1.4396063 0.644225 -1.3896063 0.644225 1 P 0
L -1.6535433 0 -0.0787402 0 0 P 0
L -1.7979528 1.915 -1.7979528 1.995 1 P 0
L -1.8479528 1.915 -1.7979528 1.915 1 P 0
L -1.8479528 1.915 -1.8479528 1.995 1 P 0
L -1.8479528 1.931 -1.7979528 1.931 2 P 0
L -1.8479528 1.979 -1.7979528 1.979 2 P 0
L -1.8479528 1.995 -1.7979528 1.995 1 P 0
L -1.9429528 1.885 -1.9429528 1.935 1 P 0
L -1.9589528 1.885 -1.9589528 1.935 2 P 0
L -2.0069528 1.885 -2.0069528 1.935 2 P 0
L -2.0229528 1.885 -1.9429528 1.885 1 P 0
L -2.0229528 1.885 -2.0229528 1.935 1 P 0
L -2.0229528 1.935 -1.9429528 1.935 1 P 0
L -2.3029528 1.884 -2.3029528 1.934 1 P 0
L -2.3189528 1.884 -2.3189528 1.934 2 P 0
L -2.3669528 1.884 -2.3669528 1.934 2 P 0
L -2.3829528 1.884 -2.3029528 1.884 1 P 0
L -2.3829528 1.884 -2.3829528 1.934 1 P 0
L -2.3829528 1.934 -2.3029528 1.934 1 P 0
L -2.9779528 0.26 -2.9779528 0.31 1 P 0
L -2.9779528 1.06 -2.9779528 1.11 1 P 0
L -2.9939528 0.26 -2.9939528 0.31 2 P 0
L -2.9939528 1.06 -2.9939528 1.11 2 P 0
L -3.0419528 0.26 -3.0419528 0.31 2 P 0
L -3.0419528 1.06 -3.0419528 1.11 2 P 0
L -3.0579528 0.26 -2.9779528 0.26 1 P 0
L -3.0579528 0.26 -3.0579528 0.31 1 P 0
L -3.0579528 0.31 -2.9779528 0.31 1 P 0
L -3.0579528 1.06 -2.9779528 1.06 1 P 0
L -3.0579528 1.06 -3.0579528 1.11 1 P 0
L -3.0579528 1.11 -2.9779528 1.11 1 P 0
L -3.1129528 1.48767 -3.1129528 1.56767 1 P 0
L -3.1629528 1.48767 -3.1129528 1.48767 1 P 0
L -3.1629528 1.48767 -3.1629528 1.56767 1 P 0
L -3.1629528 1.50367 -3.1129528 1.50367 2 P 0
L -3.1629528 1.55167 -3.1129528 1.55167 2 P 0
L -3.1629528 1.56767 -3.1129528 1.56767 1 P 0
L -3.3179528 0.565 -3.3179528 0.855 3 P 0
L -3.3229528 0.57 -3.3179528 0.565 2 P 0
L -3.3229528 0.57 -3.3229528 0.85 2 P 0
L -3.3229528 0.85 -3.3179528 0.855 2 P 0
L -3.3499528 0.563 -3.3499528 0.565 3 P 0
L -3.3499528 0.855 -3.3499528 0.857 3 P 0
L -3.3979528 0.49 -3.3979528 0.52 4 P 0
L -3.4129528 0.505 -3.3829528 0.505 4 P 0
L -3.4459528 0.563 -3.3499528 0.563 3 P 0
L -3.4459528 0.563 -3.4459528 0.565 3 P 0
L -3.4459528 0.855 -3.4459528 0.857 3 P 0
L -3.4459528 0.857 -3.3499528 0.857 3 P 0
L -3.4729528 0.57 -3.3229528 0.57 2 P 0
L -3.4729528 0.57 -3.4729528 0.85 2 P 0
L -3.4729528 0.85 -3.3229528 0.85 2 P 0
L -3.4779528 0.565 -3.3179528 0.565 3 P 0
L -3.4779528 0.565 -3.4729528 0.57 2 P 0
L -3.4779528 0.565 -3.4779528 0.855 3 P 0
L -3.4779528 0.855 -3.3179528 0.855 3 P 0
L -3.4779528 0.855 -3.4729528 0.85 2 P 0
L -3.7718536 2.119 -3.7718536 2.169 1 P 0
L -3.7732678 2.038004 -3.7732678 2.088004 1 P 0
L -3.7779528 1.3537402 -3.7779528 1.4037402 1 P 0
L -3.7779528 1.43 -3.7779528 1.48 1 P 0
L -3.7878536 2.119 -3.7878536 2.169 2 P 0
L -3.7892678 2.038004 -3.7892678 2.088004 2 P 0
L -3.7939528 1.3537402 -3.7939528 1.4037402 2 P 0
L -3.7939528 1.43 -3.7939528 1.48 2 P 0
L -3.8358536 2.119 -3.8358536 2.169 2 P 0
L -3.8372678 2.038004 -3.8372678 2.088004 2 P 0
L -3.8419528 1.3537402 -3.8419528 1.4037402 2 P 0
L -3.8419528 1.43 -3.8419528 1.48 2 P 0
L -3.8518536 2.119 -3.7718536 2.119 1 P 0
L -3.8518536 2.119 -3.8518536 2.169 1 P 0
L -3.8518536 2.169 -3.7718536 2.169 1 P 0
L -3.8532678 2.038004 -3.7732678 2.038004 1 P 0
L -3.8532678 2.038004 -3.8532678 2.088004 1 P 0
L -3.8532678 2.088004 -3.7732678 2.088004 1 P 0
L -3.8579528 1.3537402 -3.7779528 1.3537402 1 P 0
L -3.8579528 1.3537402 -3.8579528 1.4037402 1 P 0
L -3.8579528 1.4037402 -3.7779528 1.4037402 1 P 0
L -3.8579528 1.43 -3.7779528 1.43 1 P 0
L -3.8579528 1.43 -3.8579528 1.48 1 P 0
L -3.8579528 1.48 -3.7779528 1.48 1 P 0
L -3.936378 2.038004 -3.936378 2.088004 1 P 0
L -3.936378 2.119 -3.936378 2.169 1 P 0
L -3.952378 2.038004 -3.952378 2.088004 2 P 0
L -3.952378 2.119 -3.952378 2.169 2 P 0
L -4.000378 2.038004 -4.000378 2.088004 2 P 0
L -4.000378 2.119 -4.000378 2.169 2 P 0
L -4.016378 2.038004 -3.936378 2.038004 1 P 0
L -4.016378 2.038004 -4.016378 2.088004 1 P 0
L -4.016378 2.088004 -3.936378 2.088004 1 P 0
L -4.016378 2.119 -3.936378 2.119 1 P 0
L -4.016378 2.119 -4.016378 2.169 1 P 0
L -4.016378 2.169 -3.936378 2.169 1 P 0
L -4.0544882 2.5340551 -4.0544882 2.5840551 1 P 0
L -4.0704882 2.5340551 -4.0704882 2.5840551 2 P 0
L -4.0915386 0.3115 -4.0915386 0.6015 3 P 0
L -4.0965386 0.3165 -4.0915386 0.3115 2 P 0
L -4.0965386 0.3165 -4.0965386 0.5965 2 P 0
L -4.0965386 0.5965 -4.0915386 0.6015 2 P 0
L -4.1184882 2.5340551 -4.1184882 2.5840551 2 P 0
L -4.1235386 0.3095 -4.1235386 0.3115 3 P 0
L -4.1235386 0.6015 -4.1235386 0.6035 3 P 0
L -4.1344882 2.5340551 -4.0544882 2.5340551 1 P 0
L -4.1344882 2.5340551 -4.1344882 2.5840551 1 P 0
L -4.1344882 2.5840551 -4.0544882 2.5840551 1 P 0
L -4.1479528 0.93 -4.1479528 1.01 1 P 0
L -4.1715386 0.6465 -4.1715386 0.6765 4 P 0
L -4.1865386 0.6615 -4.1565386 0.6615 4 P 0
L -4.1979528 0.93 -4.1479528 0.93 1 P 0
L -4.1979528 0.93 -4.1979528 1.01 1 P 0
L -4.1979528 0.946 -4.1479528 0.946 2 P 0
L -4.1979528 0.994 -4.1479528 0.994 2 P 0
L -4.1979528 1.01 -4.1479528 1.01 1 P 0
L -4.2195386 0.3095 -4.1235386 0.3095 3 P 0
L -4.2195386 0.3095 -4.2195386 0.3115 3 P 0
L -4.2195386 0.6015 -4.2195386 0.6035 3 P 0
L -4.2195386 0.6035 -4.1235386 0.6035 3 P 0
L -4.2465386 0.3165 -4.0965386 0.3165 2 P 0
L -4.2465386 0.3165 -4.2465386 0.5965 2 P 0
L -4.2465386 0.5965 -4.0965386 0.5965 2 P 0
L -4.2515386 0.3115 -4.0915386 0.3115 3 P 0
L -4.2515386 0.3115 -4.2465386 0.3165 2 P 0
L -4.2515386 0.3115 -4.2515386 0.6015 3 P 0
L -4.2515386 0.6015 -4.0915386 0.6015 3 P 0
L -4.2515386 0.6015 -4.2465386 0.5965 2 P 0
L -4.2665386 1.4265748 -4.2665386 1.4765748 1 P 0
L -4.2679528 1.3537402 -4.2679528 1.4037402 1 P 0
L -4.2825386 1.4265748 -4.2825386 1.4765748 2 P 0
L -4.2839528 1.3537402 -4.2839528 1.4037402 2 P 0
L -4.3305386 1.4265748 -4.3305386 1.4765748 2 P 0
L -4.3319528 1.3537402 -4.3319528 1.4037402 2 P 0
L -4.3465386 1.4265748 -4.2665386 1.4265748 1 P 0
L -4.3465386 1.4265748 -4.3465386 1.4765748 1 P 0
L -4.3465386 1.4765748 -4.2665386 1.4765748 1 P 0
L -4.3479528 1.3537402 -4.2679528 1.3537402 1 P 0
L -4.3479528 1.3537402 -4.3479528 1.4037402 1 P 0
L -4.3479528 1.4037402 -4.2679528 1.4037402 1 P 0
L -4.7429528 1.4725039 -4.7429528 1.5525039 1 P 0
L -4.7429528 1.635 -4.7429528 1.715 1 P 0
L -4.7929528 1.4725039 -4.7429528 1.4725039 1 P 0
L -4.7929528 1.4725039 -4.7929528 1.5525039 1 P 0
L -4.7929528 1.4885039 -4.7429528 1.4885039 2 P 0
L -4.7929528 1.5365039 -4.7429528 1.5365039 2 P 0
L -4.7929528 1.5525039 -4.7429528 1.5525039 1 P 0
L -4.7929528 1.635 -4.7429528 1.635 1 P 0
L -4.7929528 1.635 -4.7929528 1.715 1 P 0
L -4.7929528 1.651 -4.7429528 1.651 2 P 0
L -4.7929528 1.699 -4.7429528 1.699 2 P 0
L -4.7929528 1.715 -4.7429528 1.715 1 P 0
L -4.8179528 1.4720866 -4.8179528 1.5520866 1 P 0
L -4.8179528 1.635 -4.8179528 1.715 1 P 0
L -4.8679528 1.4720866 -4.8179528 1.4720866 1 P 0
L -4.8679528 1.4720866 -4.8679528 1.5520866 1 P 0
L -4.8679528 1.4880866 -4.8179528 1.4880866 2 P 0
L -4.8679528 1.5360866 -4.8179528 1.5360866 2 P 0
L -4.8679528 1.5520866 -4.8179528 1.5520866 1 P 0
L -4.8679528 1.635 -4.8179528 1.635 1 P 0
L -4.8679528 1.635 -4.8679528 1.715 1 P 0
L -4.8679528 1.651 -4.8179528 1.651 2 P 0
L -4.8679528 1.699 -4.8179528 1.699 2 P 0
L -4.8679528 1.715 -4.8179528 1.715 1 P 0
L -5.2329528 2.025 -5.2329528 2.075 1 P 0
L -5.2329528 2.0955001 -5.2329528 2.1455001 1 P 0
L -5.2489528 2.025 -5.2489528 2.075 2 P 0
L -5.2489528 2.0955001 -5.2489528 2.1455001 2 P 0
L -5.2969528 2.025 -5.2969528 2.075 2 P 0
L -5.2969528 2.0955001 -5.2969528 2.1455001 2 P 0
L -5.3129528 2.025 -5.2329528 2.025 1 P 0
L -5.3129528 2.025 -5.3129528 2.075 1 P 0
L -5.3129528 2.075 -5.2329528 2.075 1 P 0
L -5.3129528 2.0955001 -5.2329528 2.0955001 1 P 0
L -5.3129528 2.0955001 -5.3129528 2.1455001 1 P 0
L -5.3129528 2.1455001 -5.2329528 2.1455001 1 P 0
L -5.3919134 2.025 -5.3919134 2.075 1 P 0
L -5.3919134 2.0955001 -5.3919134 2.1455001 1 P 0
L -5.4079134 2.025 -5.4079134 2.075 2 P 0
L -5.4079134 2.0955001 -5.4079134 2.1455001 2 P 0
L -5.4559134 2.025 -5.4559134 2.075 2 P 0
L -5.4559134 2.0955001 -5.4559134 2.1455001 2 P 0
L -5.4719134 2.025 -5.3919134 2.025 1 P 0
L -5.4719134 2.025 -5.4719134 2.075 1 P 0
L -5.4719134 2.075 -5.3919134 2.075 1 P 0
L -5.4719134 2.0955001 -5.3919134 2.0955001 1 P 0
L -5.4719134 2.0955001 -5.4719134 2.1455001 1 P 0
L -5.4719134 2.1455001 -5.3919134 2.1455001 1 P 0
L -5.5111811 2.5306062 -5.5111811 2.5806062 1 P 0
L -5.5271811 2.5306062 -5.5271811 2.5806062 2 P 0
L -5.5751811 2.5306062 -5.5751811 2.5806062 2 P 0
L -5.5911811 2.5306062 -5.5111811 2.5306062 1 P 0
L -5.5911811 2.5306062 -5.5911811 2.5806062 1 P 0
L -5.5911811 2.5806062 -5.5111811 2.5806062 1 P 0
P -3.3979099 0.6100368 5 P 0 0
P -4.1715867 0.5564602 5 P 0 0
