#Layer_Color=32768
#
#Feature symbol names
#
$0 r7
$1 r2
$2 r4
$3 r6
$4 rect35x118

#
#Feature attribute names
#

#
#Layer features
#
L 0.0789997 0.7799995 0.0789997 0.8599995 3 P 0
L 0.0789997 0.7799995 0.0789997 0.8599995 3 P 0
L 0.0789997 0.7799995 0.1289997 0.7799995 3 P 0
L 0.0789997 0.7799995 0.1289997 0.7799995 3 P 0
L 0.0789997 0.7959995 0.1289997 0.7959995 1 P 0
L 0.0789997 0.7959995 0.1289997 0.7959995 1 P 0
L 0.0789997 0.8439995 0.1289997 0.8439995 1 P 0
L 0.0789997 0.8439995 0.1289997 0.8439995 1 P 0
L 0.0789997 0.8599995 0.1289997 0.8599995 3 P 0
L 0.0789997 0.8599995 0.1289997 0.8599995 3 P 0
L 0.0859995 2.1670008 0.0859995 2.2550008 2 P 0
L 0.0859995 2.1670008 0.0899995 2.1670008 2 P 0
L 0.0859995 2.2550008 0.0899995 2.2550008 2 P 0
L 0.0899995 2.1480008 0.0899995 2.2740008 2 P 0
L 0.0899995 2.1480008 0.0949995 2.1520008 1 P 0
L 0.0899995 2.1480008 0.3099995 2.1480008 2 P 0
L 0.0899995 2.2740008 0.0949995 2.2700008 1 P 0
L 0.0899995 2.2740008 0.3099995 2.2740008 2 P 0
L 0.0949995 2.1520008 0.0949995 2.2700008 1 P 0
L 0.0949995 2.1520008 0.3049995 2.1520008 1 P 0
L 0.0949995 2.2700008 0.3049995 2.2700008 1 P 0
L 0.1289997 0.7799995 0.1289997 0.8599995 3 P 0
L 0.1289997 0.7799995 0.1289997 0.8599995 3 P 0
L 0.2029997 0.6439995 0.2029997 0.7239995 3 P 0
L 0.2029997 0.6439995 0.2029997 0.7239995 3 P 0
L 0.2029997 0.6439995 0.2529997 0.6439995 3 P 0
L 0.2029997 0.6439995 0.2529997 0.6439995 3 P 0
L 0.2029997 0.6599995 0.2529997 0.6599995 1 P 0
L 0.2029997 0.6599995 0.2529997 0.6599995 1 P 0
L 0.2029997 0.7079995 0.2529997 0.7079995 1 P 0
L 0.2029997 0.7079995 0.2529997 0.7079995 1 P 0
L 0.2029997 0.7239995 0.2529997 0.7239995 3 P 0
L 0.2029997 0.7239995 0.2529997 0.7239995 3 P 0
L 0.205 2.625 0.235 2.625 0 P 0
L 0.2179997 0.9139995 0.2179997 0.9639995 3 P 0
L 0.2179997 0.9139995 0.2979997 0.9139995 3 P 0
L 0.2179997 0.9639995 0.2979997 0.9639995 3 P 0
L 0.22 2.61 0.22 2.64 0 P 0
L 0.2339997 0.9139995 0.2339997 0.9639995 1 P 0
L 0.2449997 1.1529995 0.2449997 1.2329995 3 P 0
L 0.2449997 1.1529995 0.2949997 1.1529995 3 P 0
L 0.2449997 1.1689995 0.2949997 1.1689995 1 P 0
L 0.2449997 1.2169995 0.2949997 1.2169995 1 P 0
L 0.2449997 1.2329995 0.2949997 1.2329995 3 P 0
L 0.2529997 0.6439995 0.2529997 0.7239995 3 P 0
L 0.2529997 0.6439995 0.2529997 0.7239995 3 P 0
L 0.2699995 2.1520008 0.2699995 2.2700008 1 P 0
L 0.2729997 0.6439995 0.2729997 0.7239995 3 P 0
L 0.2729997 0.6439995 0.2729997 0.7239995 3 P 0
L 0.2729997 0.6439995 0.3229997 0.6439995 3 P 0
L 0.2729997 0.6439995 0.3229997 0.6439995 3 P 0
L 0.2729997 0.6599995 0.3229997 0.6599995 1 P 0
L 0.2729997 0.6599995 0.3229997 0.6599995 1 P 0
L 0.2729997 0.7079995 0.3229997 0.7079995 1 P 0
L 0.2729997 0.7079995 0.3229997 0.7079995 1 P 0
L 0.2729997 0.7239995 0.3229997 0.7239995 3 P 0
L 0.2729997 0.7239995 0.3229997 0.7239995 3 P 0
L 0.2819997 0.9139995 0.2819997 0.9639995 1 P 0
L 0.286 2.486 0.286 2.514 2 P 0
L 0.286 2.486 0.29 2.486 2 P 0
L 0.286 2.514 0.29 2.514 2 P 0
L 0.286 2.546 0.286 2.574 2 P 0
L 0.286 2.546 0.29 2.546 2 P 0
L 0.286 2.574 0.29 2.574 2 P 0
L 0.29 2.467 0.29 2.593 2 P 0
L 0.29 2.467 0.295 2.471 1 P 0
L 0.29 2.467 0.51 2.467 2 P 0
L 0.29 2.593 0.295 2.589 1 P 0
L 0.29 2.593 0.51 2.593 2 P 0
L 0.2949997 1.1529995 0.2949997 1.2329995 3 P 0
L 0.295 2.471 0.295 2.589 1 P 0
L 0.295 2.471 0.505 2.471 1 P 0
L 0.295 2.589 0.505 2.589 1 P 0
L 0.2979997 0.9139995 0.2979997 0.9639995 3 P 0
L 0.3049995 2.1520008 0.3049995 2.2700008 1 P 0
L 0.3049995 2.1520008 0.3099995 2.1480008 1 P 0
L 0.3049995 2.2700008 0.3099995 2.2740008 1 P 0
L 0.3099995 2.1480008 0.3099995 2.2740008 2 P 0
L 0.3099995 2.1670008 0.3139995 2.1670008 2 P 0
L 0.3099995 2.1950008 0.3139995 2.1950008 2 P 0
L 0.3099995 2.2270008 0.3139995 2.2270008 2 P 0
L 0.3099995 2.2550008 0.3139995 2.2550008 2 P 0
L 0.3139995 2.1670008 0.3139995 2.1950008 2 P 0
L 0.3139995 2.2270008 0.3139995 2.2550008 2 P 0
L 0.3229997 0.6439995 0.3229997 0.7239995 3 P 0
L 0.3229997 0.6439995 0.3229997 0.7239995 3 P 0
L 0.33 2.471 0.33 2.589 1 P 0
L 0.3649995 2.3060008 0.3949995 2.3060008 0 P 0
L 0.3799995 2.2910008 0.3799995 2.3210008 0 P 0
L 0.3899997 0.9149995 0.3899997 0.9649995 3 P 0
L 0.3899997 0.9149995 0.4699997 0.9149995 3 P 0
L 0.3899997 0.9649995 0.4699997 0.9649995 3 P 0
L 0.4059997 0.9149995 0.4059997 0.9649995 1 P 0
L 0.4189997 0.7079995 0.4189997 0.7579995 3 P 0
L 0.4189997 0.7079995 0.4989997 0.7079995 3 P 0
L 0.4189997 0.7579995 0.4989997 0.7579995 3 P 0
L 0.4340005 2.1210008 0.4640005 2.1210008 0 P 0
L 0.4349997 0.7079995 0.4349997 0.7579995 1 P 0
L 0.4490005 2.1060008 0.4490005 2.1360008 0 P 0
L 0.4539997 0.9149995 0.4539997 0.9649995 1 P 0
L 0.4699997 0.9149995 0.4699997 0.9649995 3 P 0
L 0.4829997 0.7079995 0.4829997 0.7579995 1 P 0
L 0.4989997 0.7079995 0.4989997 0.7579995 3 P 0
L 0.505 2.471 0.505 2.589 1 P 0
L 0.505 2.471 0.51 2.467 1 P 0
L 0.505 2.589 0.51 2.593 1 P 0
L 0.51 2.467 0.51 2.593 2 P 0
L 0.51 2.486 0.514 2.486 2 P 0
L 0.51 2.574 0.514 2.574 2 P 0
L 0.514 2.486 0.514 2.574 2 P 0
L 0.5150005 2.1720008 0.5150005 2.2000008 2 P 0
L 0.5150005 2.1720008 0.5190005 2.1720008 2 P 0
L 0.5150005 2.2000008 0.5190005 2.2000008 2 P 0
L 0.5150005 2.2320008 0.5150005 2.2600008 2 P 0
L 0.5150005 2.2320008 0.5190005 2.2320008 2 P 0
L 0.5150005 2.2600008 0.5190005 2.2600008 2 P 0
L 0.5190005 2.1530008 0.5190005 2.2790008 2 P 0
L 0.5190005 2.1530008 0.5240005 2.1570008 1 P 0
L 0.5190005 2.1530008 0.7390005 2.1530008 2 P 0
L 0.5190005 2.2790008 0.5240005 2.2750008 1 P 0
L 0.5190005 2.2790008 0.7390005 2.2790008 2 P 0
L 0.5240005 2.1570008 0.5240005 2.2750008 1 P 0
L 0.5240005 2.1570008 0.7340005 2.1570008 1 P 0
L 0.5240005 2.2750008 0.7340005 2.2750008 1 P 0
L 0.5590005 2.1570008 0.5590005 2.2750008 1 P 0
L 0.6301788 0.7799995 0.6301788 0.8599995 3 P 0
L 0.6301788 0.7799995 0.6301788 0.8599995 3 P 0
L 0.6301788 0.7799995 0.6801788 0.7799995 3 P 0
L 0.6301788 0.7799995 0.6801788 0.7799995 3 P 0
L 0.6301788 0.7959995 0.6801788 0.7959995 1 P 0
L 0.6301788 0.7959995 0.6801788 0.7959995 1 P 0
L 0.6301788 0.8439995 0.6801788 0.8439995 1 P 0
L 0.6301788 0.8439995 0.6801788 0.8439995 1 P 0
L 0.6301788 0.8599995 0.6801788 0.8599995 3 P 0
L 0.6301788 0.8599995 0.6801788 0.8599995 3 P 0
L 0.6801788 0.7799995 0.6801788 0.8599995 3 P 0
L 0.6801788 0.7799995 0.6801788 0.8599995 3 P 0
L 0.7340005 2.1570008 0.7340005 2.2750008 1 P 0
L 0.7340005 2.1570008 0.7390005 2.1530008 1 P 0
L 0.7340005 2.2750008 0.7390005 2.2790008 1 P 0
L 0.7390005 2.1530008 0.7390005 2.2790008 2 P 0
L 0.7390005 2.1720008 0.7430005 2.1720008 2 P 0
L 0.7390005 2.2600008 0.7430005 2.2600008 2 P 0
L 0.7430005 2.1720008 0.7430005 2.2600008 2 P 0
L 0.7541788 0.6439995 0.7541788 0.7239995 3 P 0
L 0.7541788 0.6439995 0.7541788 0.7239995 3 P 0
L 0.7541788 0.6439995 0.8041788 0.6439995 3 P 0
L 0.7541788 0.6439995 0.8041788 0.6439995 3 P 0
L 0.7541788 0.6599995 0.8041788 0.6599995 1 P 0
L 0.7541788 0.6599995 0.8041788 0.6599995 1 P 0
L 0.7541788 0.7079995 0.8041788 0.7079995 1 P 0
L 0.7541788 0.7079995 0.8041788 0.7079995 1 P 0
L 0.7541788 0.7239995 0.8041788 0.7239995 3 P 0
L 0.7541788 0.7239995 0.8041788 0.7239995 3 P 0
L 0.7691788 0.9139995 0.7691788 0.9639995 3 P 0
L 0.7691788 0.9139995 0.8491788 0.9139995 3 P 0
L 0.7691788 0.9639995 0.8491788 0.9639995 3 P 0
L 0.773 1.637 0.773 1.717 3 P 0
L 0.773 1.637 0.823 1.637 3 P 0
L 0.773 1.653 0.823 1.653 1 P 0
L 0.773 1.701 0.823 1.701 1 P 0
L 0.773 1.717 0.823 1.717 3 P 0
L 0.7851788 0.9139995 0.7851788 0.9639995 1 P 0
L 0.7961788 1.1529995 0.7961788 1.2329995 3 P 0
L 0.7961788 1.1529995 0.8461788 1.1529995 3 P 0
L 0.7961788 1.1689995 0.8461788 1.1689995 1 P 0
L 0.7961788 1.2169995 0.8461788 1.2169995 1 P 0
L 0.7961788 1.2329995 0.8461788 1.2329995 3 P 0
L 0.8041788 0.6439995 0.8041788 0.7239995 3 P 0
L 0.8041788 0.6439995 0.8041788 0.7239995 3 P 0
L 0.823 1.637 0.823 1.717 3 P 0
L 0.8241788 0.6439995 0.8241788 0.7239995 3 P 0
L 0.8241788 0.6439995 0.8241788 0.7239995 3 P 0
L 0.8241788 0.6439995 0.8741788 0.6439995 3 P 0
L 0.8241788 0.6439995 0.8741788 0.6439995 3 P 0
L 0.8241788 0.6599995 0.8741788 0.6599995 1 P 0
L 0.8241788 0.6599995 0.8741788 0.6599995 1 P 0
L 0.8241788 0.7079995 0.8741788 0.7079995 1 P 0
L 0.8241788 0.7079995 0.8741788 0.7079995 1 P 0
L 0.8241788 0.7239995 0.8741788 0.7239995 3 P 0
L 0.8241788 0.7239995 0.8741788 0.7239995 3 P 0
L 0.8331788 0.9139995 0.8331788 0.9639995 1 P 0
L 0.8461788 1.1529995 0.8461788 1.2329995 3 P 0
L 0.8491788 0.9139995 0.8491788 0.9639995 3 P 0
L 0.8741788 0.6439995 0.8741788 0.7239995 3 P 0
L 0.8741788 0.6439995 0.8741788 0.7239995 3 P 0
L 0.9411788 0.9149995 0.9411788 0.9649995 3 P 0
L 0.9411788 0.9149995 1.0211788 0.9149995 3 P 0
L 0.9411788 0.9649995 1.0211788 0.9649995 3 P 0
L 0.9571788 0.9149995 0.9571788 0.9649995 1 P 0
L 0.9701788 0.7079995 0.9701788 0.7579995 3 P 0
L 0.9701788 0.7079995 1.0501788 0.7079995 3 P 0
L 0.9701788 0.7579995 1.0501788 0.7579995 3 P 0
L 0.9861788 0.7079995 0.9861788 0.7579995 1 P 0
L 1.0051788 0.9149995 1.0051788 0.9649995 1 P 0
L 1.0211788 0.9149995 1.0211788 0.9649995 3 P 0
L 1.0341788 0.7079995 1.0341788 0.7579995 1 P 0
L 1.0501788 0.7079995 1.0501788 0.7579995 3 P 0
L 1.1813599 0.7799995 1.1813599 0.8599995 3 P 0
L 1.1813599 0.7799995 1.1813599 0.8599995 3 P 0
L 1.1813599 0.7799995 1.2313599 0.7799995 3 P 0
L 1.1813599 0.7799995 1.2313599 0.7799995 3 P 0
L 1.1813599 0.7959995 1.2313599 0.7959995 1 P 0
L 1.1813599 0.7959995 1.2313599 0.7959995 1 P 0
L 1.1813599 0.8439995 1.2313599 0.8439995 1 P 0
L 1.1813599 0.8439995 1.2313599 0.8439995 1 P 0
L 1.1813599 0.8599995 1.2313599 0.8599995 3 P 0
L 1.1813599 0.8599995 1.2313599 0.8599995 3 P 0
L 1.226 2.201 1.226 2.281 3 P 0
L 1.226 2.201 1.276 2.201 3 P 0
L 1.226 2.217 1.276 2.217 1 P 0
L 1.226 2.265 1.276 2.265 1 P 0
L 1.226 2.281 1.276 2.281 3 P 0
L 1.2313599 0.7799995 1.2313599 0.8599995 3 P 0
L 1.2313599 0.7799995 1.2313599 0.8599995 3 P 0
L 1.265 2.569 1.265 2.649 3 P 0
L 1.265 2.569 1.315 2.569 3 P 0
L 1.265 2.585 1.315 2.585 1 P 0
L 1.265 2.633 1.315 2.633 1 P 0
L 1.265 2.649 1.315 2.649 3 P 0
L 1.276 2.201 1.276 2.281 3 P 0
L 1.3053599 0.6439995 1.3053599 0.7239995 3 P 0
L 1.3053599 0.6439995 1.3053599 0.7239995 3 P 0
L 1.3053599 0.6439995 1.3553599 0.6439995 3 P 0
L 1.3053599 0.6439995 1.3553599 0.6439995 3 P 0
L 1.3053599 0.6599995 1.3553599 0.6599995 1 P 0
L 1.3053599 0.6599995 1.3553599 0.6599995 1 P 0
L 1.3053599 0.7079995 1.3553599 0.7079995 1 P 0
L 1.3053599 0.7079995 1.3553599 0.7079995 1 P 0
L 1.3053599 0.7239995 1.3553599 0.7239995 3 P 0
L 1.3053599 0.7239995 1.3553599 0.7239995 3 P 0
L 1.315 2.569 1.315 2.649 3 P 0
L 1.3203599 0.9139995 1.3203599 0.9639995 3 P 0
L 1.3203599 0.9139995 1.4003599 0.9139995 3 P 0
L 1.3203599 0.9639995 1.4003599 0.9639995 3 P 0
L 1.3363599 0.9139995 1.3363599 0.9639995 1 P 0
L 1.3473599 1.1529995 1.3473599 1.2329995 3 P 0
L 1.3473599 1.1529995 1.3973599 1.1529995 3 P 0
L 1.3473599 1.1689995 1.3973599 1.1689995 1 P 0
L 1.3473599 1.2169995 1.3973599 1.2169995 1 P 0
L 1.3473599 1.2329995 1.3973599 1.2329995 3 P 0
L 1.3553599 0.6439995 1.3553599 0.7239995 3 P 0
L 1.3553599 0.6439995 1.3553599 0.7239995 3 P 0
L 1.3753599 0.6439995 1.3753599 0.7239995 3 P 0
L 1.3753599 0.6439995 1.3753599 0.7239995 3 P 0
L 1.3753599 0.6439995 1.4253599 0.6439995 3 P 0
L 1.3753599 0.6439995 1.4253599 0.6439995 3 P 0
L 1.3753599 0.6599995 1.4253599 0.6599995 1 P 0
L 1.3753599 0.6599995 1.4253599 0.6599995 1 P 0
L 1.3753599 0.7079995 1.4253599 0.7079995 1 P 0
L 1.3753599 0.7079995 1.4253599 0.7079995 1 P 0
L 1.3753599 0.7239995 1.4253599 0.7239995 3 P 0
L 1.3753599 0.7239995 1.4253599 0.7239995 3 P 0
L 1.3843599 0.9139995 1.3843599 0.9639995 1 P 0
L 1.3973599 1.1529995 1.3973599 1.2329995 3 P 0
L 1.4003599 0.9139995 1.4003599 0.9639995 3 P 0
L 1.4253599 0.6439995 1.4253599 0.7239995 3 P 0
L 1.4253599 0.6439995 1.4253599 0.7239995 3 P 0
L 1.4923599 0.9149995 1.4923599 0.9649995 3 P 0
L 1.4923599 0.9149995 1.5723599 0.9149995 3 P 0
L 1.4923599 0.9649995 1.5723599 0.9649995 3 P 0
L 1.499 2.869 1.499 2.949 3 P 0
L 1.499 2.869 1.549 2.869 3 P 0
L 1.499 2.885 1.549 2.885 1 P 0
L 1.499 2.933 1.549 2.933 1 P 0
L 1.499 2.949 1.549 2.949 3 P 0
L 1.5083599 0.9149995 1.5083599 0.9649995 1 P 0
L 1.5213599 0.7079995 1.5213599 0.7579995 3 P 0
L 1.5213599 0.7079995 1.6013599 0.7079995 3 P 0
L 1.5213599 0.7579995 1.6013599 0.7579995 3 P 0
L 1.528 2.59 1.528 2.64 3 P 0
L 1.528 2.59 1.608 2.59 3 P 0
L 1.528 2.64 1.608 2.64 3 P 0
L 1.53 2.52 1.53 2.57 3 P 0
L 1.53 2.52 1.61 2.52 3 P 0
L 1.53 2.57 1.61 2.57 3 P 0
L 1.533 2.704 1.533 2.754 3 P 0
L 1.533 2.704 1.613 2.704 3 P 0
L 1.533 2.754 1.613 2.754 3 P 0
L 1.5373599 0.7079995 1.5373599 0.7579995 1 P 0
L 1.544 2.59 1.544 2.64 1 P 0
L 1.546 2.52 1.546 2.57 1 P 0
L 1.549 2.704 1.549 2.754 1 P 0
L 1.549 2.869 1.549 2.949 3 P 0
L 1.5563599 0.9149995 1.5563599 0.9649995 1 P 0
L 1.5723599 0.9149995 1.5723599 0.9649995 3 P 0
L 1.5853599 0.7079995 1.5853599 0.7579995 1 P 0
L 1.592 2.59 1.592 2.64 1 P 0
L 1.594 2.52 1.594 2.57 1 P 0
L 1.597 2.704 1.597 2.754 1 P 0
L 1.6 2.876 1.6 2.956 3 P 0
L 1.6 2.876 1.65 2.876 3 P 0
L 1.6 2.892 1.65 2.892 1 P 0
L 1.6 2.94 1.65 2.94 1 P 0
L 1.6 2.956 1.65 2.956 3 P 0
L 1.6013599 0.7079995 1.6013599 0.7579995 3 P 0
L 1.608 2.59 1.608 2.64 3 P 0
L 1.61 2.52 1.61 2.57 3 P 0
L 1.613 2.704 1.613 2.754 3 P 0
L 1.616 2.273 1.616 2.323 3 P 0
L 1.616 2.273 1.696 2.273 3 P 0
L 1.616 2.323 1.696 2.323 3 P 0
L 1.632 2.273 1.632 2.323 1 P 0
L 1.65 2.876 1.65 2.956 3 P 0
L 1.664 2.512 1.664 2.592 3 P 0
L 1.664 2.512 1.714 2.512 3 P 0
L 1.664 2.528 1.714 2.528 1 P 0
L 1.664 2.576 1.714 2.576 1 P 0
L 1.664 2.592 1.714 2.592 3 P 0
L 1.676 2.876 1.676 2.956 3 P 0
L 1.676 2.876 1.726 2.876 3 P 0
L 1.676 2.892 1.726 2.892 1 P 0
L 1.676 2.94 1.726 2.94 1 P 0
L 1.676 2.956 1.726 2.956 3 P 0
L 1.68 2.273 1.68 2.323 1 P 0
L 1.696 2.273 1.696 2.323 3 P 0
L 1.714 2.512 1.714 2.592 3 P 0
L 1.726 2.876 1.726 2.956 3 P 0
L 1.732541 0.7799995 1.732541 0.8599995 3 P 0
L 1.732541 0.7799995 1.732541 0.8599995 3 P 0
L 1.732541 0.7799995 1.782541 0.7799995 3 P 0
L 1.732541 0.7799995 1.782541 0.7799995 3 P 0
L 1.732541 0.7959995 1.782541 0.7959995 1 P 0
L 1.732541 0.7959995 1.782541 0.7959995 1 P 0
L 1.732541 0.8439995 1.782541 0.8439995 1 P 0
L 1.732541 0.8439995 1.782541 0.8439995 1 P 0
L 1.732541 0.8599995 1.782541 0.8599995 3 P 0
L 1.732541 0.8599995 1.782541 0.8599995 3 P 0
L 1.749 2.332 1.749 2.412 3 P 0
L 1.749 2.332 1.799 2.332 3 P 0
L 1.749 2.348 1.799 2.348 1 P 0
L 1.749 2.396 1.799 2.396 1 P 0
L 1.749 2.412 1.799 2.412 3 P 0
L 1.782541 0.7799995 1.782541 0.8599995 3 P 0
L 1.782541 0.7799995 1.782541 0.8599995 3 P 0
L 1.799 2.332 1.799 2.412 3 P 0
L 1.824 2.729 1.824 2.779 3 P 0
L 1.824 2.729 1.904 2.729 3 P 0
L 1.824 2.779 1.904 2.779 3 P 0
L 1.84 2.729 1.84 2.779 1 P 0
L 1.841 2.515 1.841 2.565 3 P 0
L 1.841 2.515 1.921 2.515 3 P 0
L 1.841 2.565 1.921 2.565 3 P 0
L 1.856541 0.6439995 1.856541 0.7239995 3 P 0
L 1.856541 0.6439995 1.856541 0.7239995 3 P 0
L 1.856541 0.6439995 1.906541 0.6439995 3 P 0
L 1.856541 0.6439995 1.906541 0.6439995 3 P 0
L 1.856541 0.6599995 1.906541 0.6599995 1 P 0
L 1.856541 0.6599995 1.906541 0.6599995 1 P 0
L 1.856541 0.7079995 1.906541 0.7079995 1 P 0
L 1.856541 0.7079995 1.906541 0.7079995 1 P 0
L 1.856541 0.7239995 1.906541 0.7239995 3 P 0
L 1.856541 0.7239995 1.906541 0.7239995 3 P 0
L 1.857 2.515 1.857 2.565 1 P 0
L 1.871541 0.9139995 1.871541 0.9639995 3 P 0
L 1.871541 0.9139995 1.951541 0.9139995 3 P 0
L 1.871541 0.9639995 1.951541 0.9639995 3 P 0
L 1.88 2.853 1.88 2.933 3 P 0
L 1.88 2.853 1.93 2.853 3 P 0
L 1.88 2.869 1.93 2.869 1 P 0
L 1.88 2.917 1.93 2.917 1 P 0
L 1.88 2.933 1.93 2.933 3 P 0
L 1.887541 0.9139995 1.887541 0.9639995 1 P 0
L 1.888 2.729 1.888 2.779 1 P 0
L 1.898541 1.1529995 1.898541 1.2329995 3 P 0
L 1.898541 1.1529995 1.948541 1.1529995 3 P 0
L 1.898541 1.1689995 1.948541 1.1689995 1 P 0
L 1.898541 1.2169995 1.948541 1.2169995 1 P 0
L 1.898541 1.2329995 1.948541 1.2329995 3 P 0
L 1.904 2.729 1.904 2.779 3 P 0
L 1.905 2.515 1.905 2.565 1 P 0
L 1.906541 0.6439995 1.906541 0.7239995 3 P 0
L 1.906541 0.6439995 1.906541 0.7239995 3 P 0
L 1.921 2.515 1.921 2.565 3 P 0
L 1.924 2.334 1.924 2.414 3 P 0
L 1.924 2.334 1.974 2.334 3 P 0
L 1.924 2.35 1.974 2.35 1 P 0
L 1.924 2.398 1.974 2.398 1 P 0
L 1.924 2.414 1.974 2.414 3 P 0
L 1.926541 0.6439995 1.926541 0.7239995 3 P 0
L 1.926541 0.6439995 1.926541 0.7239995 3 P 0
L 1.926541 0.6439995 1.976541 0.6439995 3 P 0
L 1.926541 0.6439995 1.976541 0.6439995 3 P 0
L 1.926541 0.6599995 1.976541 0.6599995 1 P 0
L 1.926541 0.6599995 1.976541 0.6599995 1 P 0
L 1.926541 0.7079995 1.976541 0.7079995 1 P 0
L 1.926541 0.7079995 1.976541 0.7079995 1 P 0
L 1.926541 0.7239995 1.976541 0.7239995 3 P 0
L 1.926541 0.7239995 1.976541 0.7239995 3 P 0
L 1.93 2.853 1.93 2.933 3 P 0
L 1.935541 0.9139995 1.935541 0.9639995 1 P 0
L 1.948541 1.1529995 1.948541 1.2329995 3 P 0
L 1.951541 0.9139995 1.951541 0.9639995 3 P 0
L 1.952 2.853 1.952 2.933 3 P 0
L 1.952 2.853 2.002 2.853 3 P 0
L 1.952 2.869 2.002 2.869 1 P 0
L 1.952 2.917 2.002 2.917 1 P 0
L 1.952 2.933 2.002 2.933 3 P 0
L 1.974 2.334 1.974 2.414 3 P 0
L 1.976541 0.6439995 1.976541 0.7239995 3 P 0
L 1.976541 0.6439995 1.976541 0.7239995 3 P 0
L 2.002 2.853 2.002 2.933 3 P 0
L 2.023 2.336 2.023 2.416 3 P 0
L 2.023 2.336 2.073 2.336 3 P 0
L 2.023 2.352 2.073 2.352 1 P 0
L 2.023 2.4 2.073 2.4 1 P 0
L 2.023 2.416 2.073 2.416 3 P 0
L 2.043541 0.9149995 2.043541 0.9649995 3 P 0
L 2.043541 0.9149995 2.123541 0.9149995 3 P 0
L 2.043541 0.9649995 2.123541 0.9649995 3 P 0
L 2.049 2.522 2.049 2.572 3 P 0
L 2.049 2.522 2.129 2.522 3 P 0
L 2.049 2.572 2.129 2.572 3 P 0
L 2.059 2.702 2.059 2.752 3 P 0
L 2.059 2.702 2.139 2.702 3 P 0
L 2.059 2.752 2.139 2.752 3 P 0
L 2.059 2.913 2.059 2.963 3 P 0
L 2.059 2.913 2.139 2.913 3 P 0
L 2.059 2.963 2.139 2.963 3 P 0
L 2.059541 0.9149995 2.059541 0.9649995 1 P 0
L 2.064 2.632 2.064 2.682 3 P 0
L 2.064 2.632 2.144 2.632 3 P 0
L 2.064 2.682 2.144 2.682 3 P 0
L 2.065 2.522 2.065 2.572 1 P 0
L 2.072541 0.7079995 2.072541 0.7579995 3 P 0
L 2.072541 0.7079995 2.152541 0.7079995 3 P 0
L 2.072541 0.7579995 2.152541 0.7579995 3 P 0
L 2.073 2.336 2.073 2.416 3 P 0
L 2.075 2.702 2.075 2.752 1 P 0
L 2.075 2.913 2.075 2.963 1 P 0
L 2.08 2.632 2.08 2.682 1 P 0
L 2.088541 0.7079995 2.088541 0.7579995 1 P 0
L 2.107541 0.9149995 2.107541 0.9649995 1 P 0
L 2.113 2.522 2.113 2.572 1 P 0
L 2.123 2.702 2.123 2.752 1 P 0
L 2.123 2.913 2.123 2.963 1 P 0
L 2.123541 0.9149995 2.123541 0.9649995 3 P 0
L 2.128 2.632 2.128 2.682 1 P 0
L 2.129 2.522 2.129 2.572 3 P 0
L 2.136541 0.7079995 2.136541 0.7579995 1 P 0
L 2.139 2.702 2.139 2.752 3 P 0
L 2.139 2.913 2.139 2.963 3 P 0
L 2.144 2.632 2.144 2.682 3 P 0
L 2.152541 0.7079995 2.152541 0.7579995 3 P 0
L 2.2837221 0.7799995 2.2837221 0.8599995 3 P 0
L 2.2837221 0.7799995 2.2837221 0.8599995 3 P 0
L 2.2837221 0.7799995 2.3337221 0.7799995 3 P 0
L 2.2837221 0.7799995 2.3337221 0.7799995 3 P 0
L 2.2837221 0.7959995 2.3337221 0.7959995 1 P 0
L 2.2837221 0.7959995 2.3337221 0.7959995 1 P 0
L 2.2837221 0.8439995 2.3337221 0.8439995 1 P 0
L 2.2837221 0.8439995 2.3337221 0.8439995 1 P 0
L 2.2837221 0.8599995 2.3337221 0.8599995 3 P 0
L 2.2837221 0.8599995 2.3337221 0.8599995 3 P 0
L 2.3337221 0.7799995 2.3337221 0.8599995 3 P 0
L 2.3337221 0.7799995 2.3337221 0.8599995 3 P 0
L 2.4077221 0.6439995 2.4077221 0.7239995 3 P 0
L 2.4077221 0.6439995 2.4077221 0.7239995 3 P 0
L 2.4077221 0.6439995 2.4577221 0.6439995 3 P 0
L 2.4077221 0.6439995 2.4577221 0.6439995 3 P 0
L 2.4077221 0.6599995 2.4577221 0.6599995 1 P 0
L 2.4077221 0.6599995 2.4577221 0.6599995 1 P 0
L 2.4077221 0.7079995 2.4577221 0.7079995 1 P 0
L 2.4077221 0.7079995 2.4577221 0.7079995 1 P 0
L 2.4077221 0.7239995 2.4577221 0.7239995 3 P 0
L 2.4077221 0.7239995 2.4577221 0.7239995 3 P 0
L 2.4227221 0.9139995 2.4227221 0.9639995 3 P 0
L 2.4227221 0.9139995 2.5027221 0.9139995 3 P 0
L 2.4227221 0.9639995 2.5027221 0.9639995 3 P 0
L 2.4387221 0.9139995 2.4387221 0.9639995 1 P 0
L 2.4497221 1.1529995 2.4497221 1.2329995 3 P 0
L 2.4497221 1.1529995 2.4997221 1.1529995 3 P 0
L 2.4497221 1.1689995 2.4997221 1.1689995 1 P 0
L 2.4497221 1.2169995 2.4997221 1.2169995 1 P 0
L 2.4497221 1.2329995 2.4997221 1.2329995 3 P 0
L 2.4577221 0.6439995 2.4577221 0.7239995 3 P 0
L 2.4577221 0.6439995 2.4577221 0.7239995 3 P 0
L 2.4777221 0.6439995 2.4777221 0.7239995 3 P 0
L 2.4777221 0.6439995 2.4777221 0.7239995 3 P 0
L 2.4777221 0.6439995 2.5277221 0.6439995 3 P 0
L 2.4777221 0.6439995 2.5277221 0.6439995 3 P 0
L 2.4777221 0.6599995 2.5277221 0.6599995 1 P 0
L 2.4777221 0.6599995 2.5277221 0.6599995 1 P 0
L 2.4777221 0.7079995 2.5277221 0.7079995 1 P 0
L 2.4777221 0.7079995 2.5277221 0.7079995 1 P 0
L 2.4777221 0.7239995 2.5277221 0.7239995 3 P 0
L 2.4777221 0.7239995 2.5277221 0.7239995 3 P 0
L 2.4867221 0.9139995 2.4867221 0.9639995 1 P 0
L 2.4997221 1.1529995 2.4997221 1.2329995 3 P 0
L 2.5027221 0.9139995 2.5027221 0.9639995 3 P 0
L 2.5277221 0.6439995 2.5277221 0.7239995 3 P 0
L 2.5277221 0.6439995 2.5277221 0.7239995 3 P 0
L 2.5947221 0.9149995 2.5947221 0.9649995 3 P 0
L 2.5947221 0.9149995 2.6747221 0.9149995 3 P 0
L 2.5947221 0.9649995 2.6747221 0.9649995 3 P 0
L 2.6107221 0.9149995 2.6107221 0.9649995 1 P 0
L 2.6237221 0.7079995 2.6237221 0.7579995 3 P 0
L 2.6237221 0.7079995 2.7037221 0.7079995 3 P 0
L 2.6237221 0.7579995 2.7037221 0.7579995 3 P 0
L 2.6397221 0.7079995 2.6397221 0.7579995 1 P 0
L 2.6587221 0.9149995 2.6587221 0.9649995 1 P 0
L 2.6747221 0.9149995 2.6747221 0.9649995 3 P 0
L 2.6877221 0.7079995 2.6877221 0.7579995 1 P 0
L 2.7037221 0.7079995 2.7037221 0.7579995 3 P 0
L 2.8349052 0.7799995 2.8349052 0.8599995 3 P 0
L 2.8349052 0.7799995 2.8349052 0.8599995 3 P 0
L 2.8349052 0.7799995 2.8849052 0.7799995 3 P 0
L 2.8349052 0.7799995 2.8849052 0.7799995 3 P 0
L 2.8349052 0.7959995 2.8849052 0.7959995 1 P 0
L 2.8349052 0.7959995 2.8849052 0.7959995 1 P 0
L 2.8349052 0.8439995 2.8849052 0.8439995 1 P 0
L 2.8349052 0.8439995 2.8849052 0.8439995 1 P 0
L 2.8349052 0.8599995 2.8849052 0.8599995 3 P 0
L 2.8349052 0.8599995 2.8849052 0.8599995 3 P 0
L 2.8849052 0.7799995 2.8849052 0.8599995 3 P 0
L 2.8849052 0.7799995 2.8849052 0.8599995 3 P 0
L 2.9589052 0.6439995 2.9589052 0.7239995 3 P 0
L 2.9589052 0.6439995 2.9589052 0.7239995 3 P 0
L 2.9589052 0.6439995 3.0089052 0.6439995 3 P 0
L 2.9589052 0.6439995 3.0089052 0.6439995 3 P 0
L 2.9589052 0.6599995 3.0089052 0.6599995 1 P 0
L 2.9589052 0.6599995 3.0089052 0.6599995 1 P 0
L 2.9589052 0.7079995 3.0089052 0.7079995 1 P 0
L 2.9589052 0.7079995 3.0089052 0.7079995 1 P 0
L 2.9589052 0.7239995 3.0089052 0.7239995 3 P 0
L 2.9589052 0.7239995 3.0089052 0.7239995 3 P 0
L 2.9739052 0.9139995 2.9739052 0.9639995 3 P 0
L 2.9739052 0.9139995 3.0539052 0.9139995 3 P 0
L 2.9739052 0.9639995 3.0539052 0.9639995 3 P 0
L 2.9899052 0.9139995 2.9899052 0.9639995 1 P 0
L 3.0009052 1.1529995 3.0009052 1.2329995 3 P 0
L 3.0009052 1.1529995 3.0509052 1.1529995 3 P 0
L 3.0009052 1.1689995 3.0509052 1.1689995 1 P 0
L 3.0009052 1.2169995 3.0509052 1.2169995 1 P 0
L 3.0009052 1.2329995 3.0509052 1.2329995 3 P 0
L 3.0089052 0.6439995 3.0089052 0.7239995 3 P 0
L 3.0089052 0.6439995 3.0089052 0.7239995 3 P 0
L 3.0289052 0.6439995 3.0289052 0.7239995 3 P 0
L 3.0289052 0.6439995 3.0289052 0.7239995 3 P 0
L 3.0289052 0.6439995 3.0789052 0.6439995 3 P 0
L 3.0289052 0.6439995 3.0789052 0.6439995 3 P 0
L 3.0289052 0.6599995 3.0789052 0.6599995 1 P 0
L 3.0289052 0.6599995 3.0789052 0.6599995 1 P 0
L 3.0289052 0.7079995 3.0789052 0.7079995 1 P 0
L 3.0289052 0.7079995 3.0789052 0.7079995 1 P 0
L 3.0289052 0.7239995 3.0789052 0.7239995 3 P 0
L 3.0289052 0.7239995 3.0789052 0.7239995 3 P 0
L 3.0379052 0.9139995 3.0379052 0.9639995 1 P 0
L 3.0509052 1.1529995 3.0509052 1.2329995 3 P 0
L 3.0539052 0.9139995 3.0539052 0.9639995 3 P 0
L 3.0589996 2.8510006 3.0589996 2.9310006 3 P 0
L 3.0589996 2.8510006 3.1089996 2.8510006 3 P 0
L 3.0589996 2.8670006 3.1089996 2.8670006 1 P 0
L 3.0589996 2.9150006 3.1089996 2.9150006 1 P 0
L 3.0589996 2.9310006 3.1089996 2.9310006 3 P 0
L 3.0789052 0.6439995 3.0789052 0.7239995 3 P 0
L 3.0789052 0.6439995 3.0789052 0.7239995 3 P 0
L 3.1089996 2.8510006 3.1089996 2.9310006 3 P 0
L 3.1459052 0.9149995 3.1459052 0.9649995 3 P 0
L 3.1459052 0.9149995 3.2259052 0.9149995 3 P 0
L 3.1459052 0.9649995 3.2259052 0.9649995 3 P 0
L 3.1619052 0.9149995 3.1619052 0.9649995 1 P 0
L 3.1749052 0.7079995 3.1749052 0.7579995 3 P 0
L 3.1749052 0.7079995 3.2549052 0.7079995 3 P 0
L 3.1749052 0.7579995 3.2549052 0.7579995 3 P 0
L 3.1909052 0.7079995 3.1909052 0.7579995 1 P 0
L 3.2099052 0.9149995 3.2099052 0.9649995 1 P 0
L 3.2259052 0.9149995 3.2259052 0.9649995 3 P 0
L 3.2389052 0.7079995 3.2389052 0.7579995 1 P 0
L 3.2549052 0.7079995 3.2549052 0.7579995 3 P 0
L 3.2700009 2.6350004 3.2700009 2.6850004 3 P 0
L 3.2700009 2.6350004 3.3500009 2.6350004 3 P 0
L 3.2700009 2.6850004 3.3500009 2.6850004 3 P 0
L 3.2700009 2.7149996 3.2700009 2.7649996 3 P 0
L 3.2700009 2.7149996 3.3500009 2.7149996 3 P 0
L 3.2700009 2.7649996 3.3500009 2.7649996 3 P 0
L 3.2700009 2.795 3.2700009 2.845 3 P 0
L 3.2700009 2.795 3.3500009 2.795 3 P 0
L 3.2700009 2.845 3.3500009 2.845 3 P 0
L 3.2700009 2.8679992 3.2700009 2.9179992 3 P 0
L 3.2700009 2.8679992 3.3500009 2.8679992 3 P 0
L 3.2700009 2.9179992 3.3500009 2.9179992 3 P 0
L 3.2860009 2.6350004 3.2860009 2.6850004 1 P 0
L 3.2860009 2.7149996 3.2860009 2.7649996 1 P 0
L 3.2860009 2.795 3.2860009 2.845 1 P 0
L 3.2860009 2.8679992 3.2860009 2.9179992 1 P 0
L 3.3340009 2.6350004 3.3340009 2.6850004 1 P 0
L 3.3340009 2.7149996 3.3340009 2.7649996 1 P 0
L 3.3340009 2.795 3.3340009 2.845 1 P 0
L 3.3340009 2.8679992 3.3340009 2.9179992 1 P 0
L 3.3500009 2.6350004 3.3500009 2.6850004 3 P 0
L 3.3500009 2.7149996 3.3500009 2.7649996 3 P 0
L 3.3500009 2.795 3.3500009 2.845 3 P 0
L 3.3500009 2.8679992 3.3500009 2.9179992 3 P 0
L 3.3860843 0.7799995 3.3860843 0.8599995 3 P 0
L 3.3860843 0.7799995 3.3860843 0.8599995 3 P 0
L 3.3860843 0.7799995 3.4360843 0.7799995 3 P 0
L 3.3860843 0.7799995 3.4360843 0.7799995 3 P 0
L 3.3860843 0.7959995 3.4360843 0.7959995 1 P 0
L 3.3860843 0.7959995 3.4360843 0.7959995 1 P 0
L 3.3860843 0.8439995 3.4360843 0.8439995 1 P 0
L 3.3860843 0.8439995 3.4360843 0.8439995 1 P 0
L 3.3860843 0.8599995 3.4360843 0.8599995 3 P 0
L 3.3860843 0.8599995 3.4360843 0.8599995 3 P 0
L 3.4360843 0.7799995 3.4360843 0.8599995 3 P 0
L 3.4360843 0.7799995 3.4360843 0.8599995 3 P 0
L 3.5100843 0.6439995 3.5100843 0.7239995 3 P 0
L 3.5100843 0.6439995 3.5100843 0.7239995 3 P 0
L 3.5100843 0.6439995 3.5600843 0.6439995 3 P 0
L 3.5100843 0.6439995 3.5600843 0.6439995 3 P 0
L 3.5100843 0.6599995 3.5600843 0.6599995 1 P 0
L 3.5100843 0.6599995 3.5600843 0.6599995 1 P 0
L 3.5100843 0.7079995 3.5600843 0.7079995 1 P 0
L 3.5100843 0.7079995 3.5600843 0.7079995 1 P 0
L 3.5100843 0.7239995 3.5600843 0.7239995 3 P 0
L 3.5100843 0.7239995 3.5600843 0.7239995 3 P 0
L 3.5250843 0.9139995 3.5250843 0.9639995 3 P 0
L 3.5250843 0.9139995 3.6050843 0.9139995 3 P 0
L 3.5250843 0.9639995 3.6050843 0.9639995 3 P 0
L 3.5410843 0.9139995 3.5410843 0.9639995 1 P 0
L 3.5520843 1.1529995 3.5520843 1.2329995 3 P 0
L 3.5520843 1.1529995 3.6020843 1.1529995 3 P 0
L 3.5520843 1.1689995 3.6020843 1.1689995 1 P 0
L 3.5520843 1.2169995 3.6020843 1.2169995 1 P 0
L 3.5520843 1.2329995 3.6020843 1.2329995 3 P 0
L 3.5600843 0.6439995 3.5600843 0.7239995 3 P 0
L 3.5600843 0.6439995 3.5600843 0.7239995 3 P 0
L 3.5800843 0.6439995 3.5800843 0.7239995 3 P 0
L 3.5800843 0.6439995 3.5800843 0.7239995 3 P 0
L 3.5800843 0.6439995 3.6300843 0.6439995 3 P 0
L 3.5800843 0.6439995 3.6300843 0.6439995 3 P 0
L 3.5800843 0.6599995 3.6300843 0.6599995 1 P 0
L 3.5800843 0.6599995 3.6300843 0.6599995 1 P 0
L 3.5800843 0.7079995 3.6300843 0.7079995 1 P 0
L 3.5800843 0.7079995 3.6300843 0.7079995 1 P 0
L 3.5800843 0.7239995 3.6300843 0.7239995 3 P 0
L 3.5800843 0.7239995 3.6300843 0.7239995 3 P 0
L 3.5890843 0.9139995 3.5890843 0.9639995 1 P 0
L 3.6020843 1.1529995 3.6020843 1.2329995 3 P 0
L 3.6050843 0.9139995 3.6050843 0.9639995 3 P 0
L 3.6300843 0.6439995 3.6300843 0.7239995 3 P 0
L 3.6300843 0.6439995 3.6300843 0.7239995 3 P 0
L 3.6599994 2.1849992 3.6599994 2.2649992 3 P 0
L 3.6599994 2.1849992 3.7099994 2.1849992 3 P 0
L 3.6599994 2.2009992 3.7099994 2.2009992 1 P 0
L 3.6599994 2.2489992 3.7099994 2.2489992 1 P 0
L 3.6599994 2.2649992 3.7099994 2.2649992 3 P 0
L 3.6600006 1.968 3.6600006 2.048 3 P 0
L 3.6600006 1.968 3.7100006 1.968 3 P 0
L 3.6600006 1.984 3.7100006 1.984 1 P 0
L 3.6600006 2.032 3.7100006 2.032 1 P 0
L 3.6600006 2.048 3.7100006 2.048 3 P 0
L 3.6970843 0.9149995 3.6970843 0.9649995 3 P 0
L 3.6970843 0.9149995 3.7770843 0.9149995 3 P 0
L 3.6970843 0.9649995 3.7770843 0.9649995 3 P 0
L 3.7099994 2.1849992 3.7099994 2.2649992 3 P 0
L 3.7100006 1.968 3.7100006 2.048 3 P 0
L 3.7130843 0.9149995 3.7130843 0.9649995 1 P 0
L 3.7260843 0.7079995 3.7260843 0.7579995 3 P 0
L 3.7260843 0.7079995 3.8060843 0.7079995 3 P 0
L 3.7260843 0.7579995 3.8060843 0.7579995 3 P 0
L 3.7420843 0.7079995 3.7420843 0.7579995 1 P 0
L 3.7610843 0.9149995 3.7610843 0.9649995 1 P 0
L 3.7770843 0.9149995 3.7770843 0.9649995 3 P 0
L 3.7900843 0.7079995 3.7900843 0.7579995 1 P 0
L 3.8060843 0.7079995 3.8060843 0.7579995 3 P 0
L 3.865 2.625 3.865 2.705 3 P 0
L 3.865 2.625 3.915 2.625 3 P 0
L 3.865 2.641 3.915 2.641 1 P 0
L 3.865 2.689 3.915 2.689 1 P 0
L 3.865 2.705 3.915 2.705 3 P 0
L 3.915 2.625 3.915 2.705 3 P 0
L 3.9372674 0.7799995 3.9372674 0.8599995 3 P 0
L 3.9372674 0.7799995 3.9372674 0.8599995 3 P 0
L 3.9372674 0.7799995 3.9872674 0.7799995 3 P 0
L 3.9372674 0.7799995 3.9872674 0.7799995 3 P 0
L 3.9372674 0.7959995 3.9872674 0.7959995 1 P 0
L 3.9372674 0.7959995 3.9872674 0.7959995 1 P 0
L 3.9372674 0.8439995 3.9872674 0.8439995 1 P 0
L 3.9372674 0.8439995 3.9872674 0.8439995 1 P 0
L 3.9372674 0.8599995 3.9872674 0.8599995 3 P 0
L 3.9372674 0.8599995 3.9872674 0.8599995 3 P 0
L 3.9872674 0.7799995 3.9872674 0.8599995 3 P 0
L 3.9872674 0.7799995 3.9872674 0.8599995 3 P 0
L 4.0612674 0.6439995 4.0612674 0.7239995 3 P 0
L 4.0612674 0.6439995 4.0612674 0.7239995 3 P 0
L 4.0612674 0.6439995 4.1112674 0.6439995 3 P 0
L 4.0612674 0.6439995 4.1112674 0.6439995 3 P 0
L 4.0612674 0.6599995 4.1112674 0.6599995 1 P 0
L 4.0612674 0.6599995 4.1112674 0.6599995 1 P 0
L 4.0612674 0.7079995 4.1112674 0.7079995 1 P 0
L 4.0612674 0.7079995 4.1112674 0.7079995 1 P 0
L 4.0612674 0.7239995 4.1112674 0.7239995 3 P 0
L 4.0612674 0.7239995 4.1112674 0.7239995 3 P 0
L 4.0762674 0.9139995 4.0762674 0.9639995 3 P 0
L 4.0762674 0.9139995 4.1562674 0.9139995 3 P 0
L 4.0762674 0.9639995 4.1562674 0.9639995 3 P 0
L 4.0922674 0.9139995 4.0922674 0.9639995 1 P 0
L 4.0960006 2.1520004 4.0960006 2.2320004 3 P 0
L 4.0960006 2.1520004 4.1460006 2.1520004 3 P 0
L 4.0960006 2.1680004 4.1460006 2.1680004 1 P 0
L 4.0960006 2.2160004 4.1460006 2.2160004 1 P 0
L 4.0960006 2.2320004 4.1460006 2.2320004 3 P 0
L 4.0970006 1.9560004 4.0970006 2.0360004 3 P 0
L 4.0970006 1.9560004 4.1470006 1.9560004 3 P 0
L 4.0970006 1.9720004 4.1470006 1.9720004 1 P 0
L 4.0970006 2.0200004 4.1470006 2.0200004 1 P 0
L 4.0970006 2.0360004 4.1470006 2.0360004 3 P 0
L 4.1032674 1.1529995 4.1032674 1.2329995 3 P 0
L 4.1032674 1.1529995 4.1532674 1.1529995 3 P 0
L 4.1032674 1.1689995 4.1532674 1.1689995 1 P 0
L 4.1032674 1.2169995 4.1532674 1.2169995 1 P 0
L 4.1032674 1.2329995 4.1532674 1.2329995 3 P 0
L 4.1112674 0.6439995 4.1112674 0.7239995 3 P 0
L 4.1112674 0.6439995 4.1112674 0.7239995 3 P 0
L 4.1312674 0.6439995 4.1312674 0.7239995 3 P 0
L 4.1312674 0.6439995 4.1312674 0.7239995 3 P 0
L 4.1312674 0.6439995 4.1812674 0.6439995 3 P 0
L 4.1312674 0.6439995 4.1812674 0.6439995 3 P 0
L 4.1312674 0.6599995 4.1812674 0.6599995 1 P 0
L 4.1312674 0.6599995 4.1812674 0.6599995 1 P 0
L 4.1312674 0.7079995 4.1812674 0.7079995 1 P 0
L 4.1312674 0.7079995 4.1812674 0.7079995 1 P 0
L 4.1312674 0.7239995 4.1812674 0.7239995 3 P 0
L 4.1312674 0.7239995 4.1812674 0.7239995 3 P 0
L 4.1402674 0.9139995 4.1402674 0.9639995 1 P 0
L 4.1460006 2.1520004 4.1460006 2.2320004 3 P 0
L 4.1470006 1.9560004 4.1470006 2.0360004 3 P 0
L 4.1532674 1.1529995 4.1532674 1.2329995 3 P 0
L 4.1562674 0.9139995 4.1562674 0.9639995 3 P 0
L 4.1812674 0.6439995 4.1812674 0.7239995 3 P 0
L 4.1812674 0.6439995 4.1812674 0.7239995 3 P 0
L 4.2482674 0.9149995 4.2482674 0.9649995 3 P 0
L 4.2482674 0.9149995 4.3282674 0.9149995 3 P 0
L 4.2482674 0.9649995 4.3282674 0.9649995 3 P 0
L 4.2642674 0.9149995 4.2642674 0.9649995 1 P 0
L 4.2772674 0.7079995 4.2772674 0.7579995 3 P 0
L 4.2772674 0.7079995 4.3572674 0.7079995 3 P 0
L 4.2772674 0.7579995 4.3572674 0.7579995 3 P 0
L 4.2932674 0.7079995 4.2932674 0.7579995 1 P 0
L 4.3122674 0.9149995 4.3122674 0.9649995 1 P 0
L 4.3282674 0.9149995 4.3282674 0.9649995 3 P 0
L 4.3412674 0.7079995 4.3412674 0.7579995 1 P 0
L 4.3572674 0.7079995 4.3572674 0.7579995 3 P 0
L 4.8551088 1.2691974 4.8551088 1.3491974 3 P 0
L 4.8551088 1.2691974 4.9051088 1.2691974 3 P 0
L 4.8551088 1.2851974 4.9051088 1.2851974 1 P 0
L 4.8551088 1.3331974 4.9051088 1.3331974 1 P 0
L 4.8551088 1.3491974 4.9051088 1.3491974 3 P 0
L 4.858109 1.1011976 4.858109 1.1811976 3 P 0
L 4.858109 1.1011976 4.908109 1.1011976 3 P 0
L 4.858109 1.1171976 4.908109 1.1171976 1 P 0
L 4.858109 1.1651976 4.908109 1.1651976 1 P 0
L 4.858109 1.1811976 4.908109 1.1811976 3 P 0
L 4.862109 1.4821976 4.862109 1.5621976 3 P 0
L 4.862109 1.4821976 4.912109 1.4821976 3 P 0
L 4.862109 1.4981976 4.912109 1.4981976 1 P 0
L 4.862109 1.5461976 4.912109 1.5461976 1 P 0
L 4.862109 1.5621976 4.912109 1.5621976 3 P 0
L 4.8901102 0.4421976 4.8901102 0.5221976 3 P 0
L 4.8901102 0.4421976 4.9401102 0.4421976 3 P 0
L 4.8901102 0.4581976 4.9401102 0.4581976 1 P 0
L 4.8901102 0.5061976 4.9401102 0.5061976 1 P 0
L 4.8901102 0.5221976 4.9401102 0.5221976 3 P 0
L 4.9051088 1.2691974 4.9051088 1.3491974 3 P 0
L 4.908109 1.1011976 4.908109 1.1811976 3 P 0
L 4.912109 1.4821976 4.912109 1.5621976 3 P 0
L 4.9401102 0.4421976 4.9401102 0.5221976 3 P 0
L 4.9761092 0.9331974 4.9761092 1.0131974 3 P 0
L 4.9761092 0.9331974 5.0261092 0.9331974 3 P 0
L 4.9761092 0.9491974 5.0261092 0.9491974 1 P 0
L 4.9761092 0.9971974 5.0261092 0.9971974 1 P 0
L 4.9761092 1.0131974 5.0261092 1.0131974 3 P 0
L 4.9891094 1.4861976 4.9891094 1.5661976 3 P 0
L 4.9891094 1.4861976 5.0391094 1.4861976 3 P 0
L 4.9891094 1.5021976 5.0391094 1.5021976 1 P 0
L 4.9891094 1.5501976 5.0391094 1.5501976 1 P 0
L 4.9891094 1.5661976 5.0391094 1.5661976 3 P 0
L 5.0261092 0.9331974 5.0261092 1.0131974 3 P 0
L 5.0391094 1.4861976 5.0391094 1.5661976 3 P 0
L 5.0650004 2.0449994 5.0650004 2.1249994 3 P 0
L 5.0650004 2.0449994 5.1150004 2.0449994 3 P 0
L 5.0650004 2.0609994 5.1150004 2.0609994 1 P 0
L 5.0650004 2.1089994 5.1150004 2.1089994 1 P 0
L 5.0650004 2.1249994 5.1150004 2.1249994 3 P 0
L 5.0650008 2.2370006 5.0650008 2.3170006 3 P 0
L 5.0650008 2.2370006 5.1150008 2.2370006 3 P 0
L 5.0650008 2.2530006 5.1150008 2.2530006 1 P 0
L 5.0650008 2.3010006 5.1150008 2.3010006 1 P 0
L 5.0650008 2.3170006 5.1150008 2.3170006 3 P 0
L 5.1150004 2.0449994 5.1150004 2.1249994 3 P 0
L 5.1150008 2.2370006 5.1150008 2.3170006 3 P 0
L 5.115109 1.4941976 5.115109 1.5741976 3 P 0
L 5.115109 1.4941976 5.165109 1.4941976 3 P 0
L 5.115109 1.5101976 5.165109 1.5101976 1 P 0
L 5.115109 1.5581976 5.165109 1.5581976 1 P 0
L 5.115109 1.5741976 5.165109 1.5741976 3 P 0
L 5.1391096 0.9161974 5.1391096 0.9961974 3 P 0
L 5.1391096 0.9161974 5.1891096 0.9161974 3 P 0
L 5.1391096 0.9321974 5.1891096 0.9321974 1 P 0
L 5.1391096 0.9801974 5.1891096 0.9801974 1 P 0
L 5.1391096 0.9961974 5.1891096 0.9961974 3 P 0
L 5.165109 1.4941976 5.165109 1.5741976 3 P 0
L 5.1891096 0.9161974 5.1891096 0.9961974 3 P 0
L 5.257109 1.5551976 5.257109 1.6351976 3 P 0
L 5.257109 1.5551976 5.307109 1.5551976 3 P 0
L 5.257109 1.5711976 5.307109 1.5711976 1 P 0
L 5.257109 1.6191976 5.307109 1.6191976 1 P 0
L 5.257109 1.6351976 5.307109 1.6351976 3 P 0
L 5.307109 1.5551976 5.307109 1.6351976 3 P 0
L 5.3121097 1.0431975 5.3121097 1.1231975 3 P 0
L 5.3121097 1.0431975 5.3621097 1.0431975 3 P 0
L 5.3121097 1.0591975 5.3621097 1.0591975 1 P 0
L 5.3121097 1.1071975 5.3621097 1.1071975 1 P 0
L 5.3121097 1.1231975 5.3621097 1.1231975 3 P 0
L 5.3621097 1.0431975 5.3621097 1.1231975 3 P 0
L 5.4062879 1.2691974 5.4062879 1.3491974 3 P 0
L 5.4062879 1.2691974 5.4562879 1.2691974 3 P 0
L 5.4062879 1.2851974 5.4562879 1.2851974 1 P 0
L 5.4062879 1.3331974 5.4562879 1.3331974 1 P 0
L 5.4062879 1.3491974 5.4562879 1.3491974 3 P 0
L 5.4092881 1.1011976 5.4092881 1.1811976 3 P 0
L 5.4092881 1.1011976 5.4592881 1.1011976 3 P 0
L 5.4092881 1.1171976 5.4592881 1.1171976 1 P 0
L 5.4092881 1.1651976 5.4592881 1.1651976 1 P 0
L 5.4092881 1.1811976 5.4592881 1.1811976 3 P 0
L 5.4132881 1.4821976 5.4132881 1.5621976 3 P 0
L 5.4132881 1.4821976 5.4632881 1.4821976 3 P 0
L 5.4132881 1.4981976 5.4632881 1.4981976 1 P 0
L 5.4132881 1.5461976 5.4632881 1.5461976 1 P 0
L 5.4132881 1.5621976 5.4632881 1.5621976 3 P 0
L 5.4412893 0.4421976 5.4412893 0.5221976 3 P 0
L 5.4412893 0.4421976 5.4912893 0.4421976 3 P 0
L 5.4412893 0.4581976 5.4912893 0.4581976 1 P 0
L 5.4412893 0.5061976 5.4912893 0.5061976 1 P 0
L 5.4412893 0.5221976 5.4912893 0.5221976 3 P 0
L 5.4562879 1.2691974 5.4562879 1.3491974 3 P 0
L 5.4592881 1.1011976 5.4592881 1.1811976 3 P 0
L 5.4632881 1.4821976 5.4632881 1.5621976 3 P 0
L 5.4912893 0.4421976 5.4912893 0.5221976 3 P 0
L 5.5200009 2.5549992 5.5200009 2.6049992 3 P 0
L 5.5200009 2.5549992 5.6000009 2.5549992 3 P 0
L 5.5200009 2.6049992 5.6000009 2.6049992 3 P 0
L 5.5200009 2.6349996 5.5200009 2.6849996 3 P 0
L 5.5200009 2.6349996 5.6000009 2.6349996 3 P 0
L 5.5200009 2.6849996 5.6000009 2.6849996 3 P 0
L 5.5200009 2.7250008 5.5200009 2.7750008 3 P 0
L 5.5200009 2.7250008 5.6000009 2.7250008 3 P 0
L 5.5200009 2.7750008 5.6000009 2.7750008 3 P 0
L 5.5200009 2.815 5.5200009 2.865 3 P 0
L 5.5200009 2.815 5.6000009 2.815 3 P 0
L 5.5200009 2.865 5.6000009 2.865 3 P 0
L 5.5272883 0.9331974 5.5272883 1.0131974 3 P 0
L 5.5272883 0.9331974 5.5772883 0.9331974 3 P 0
L 5.5272883 0.9491974 5.5772883 0.9491974 1 P 0
L 5.5272883 0.9971974 5.5772883 0.9971974 1 P 0
L 5.5272883 1.0131974 5.5772883 1.0131974 3 P 0
L 5.5360009 2.5549992 5.5360009 2.6049992 1 P 0
L 5.5360009 2.6349996 5.5360009 2.6849996 1 P 0
L 5.5360009 2.7250008 5.5360009 2.7750008 1 P 0
L 5.5360009 2.815 5.5360009 2.865 1 P 0
L 5.5402885 1.4861976 5.5402885 1.5661976 3 P 0
L 5.5402885 1.4861976 5.5902885 1.4861976 3 P 0
L 5.5402885 1.5021976 5.5902885 1.5021976 1 P 0
L 5.5402885 1.5501976 5.5902885 1.5501976 1 P 0
L 5.5402885 1.5661976 5.5902885 1.5661976 3 P 0
L 5.5772883 0.9331974 5.5772883 1.0131974 3 P 0
L 5.5840009 2.5549992 5.5840009 2.6049992 1 P 0
L 5.5840009 2.6349996 5.5840009 2.6849996 1 P 0
L 5.5840009 2.7250008 5.5840009 2.7750008 1 P 0
L 5.5840009 2.815 5.5840009 2.865 1 P 0
L 5.5902885 1.4861976 5.5902885 1.5661976 3 P 0
L 5.6000009 2.5549992 5.6000009 2.6049992 3 P 0
L 5.6000009 2.6349996 5.6000009 2.6849996 3 P 0
L 5.6000009 2.7250008 5.6000009 2.7750008 3 P 0
L 5.6000009 2.815 5.6000009 2.865 3 P 0
L 5.6662881 1.4941976 5.6662881 1.5741976 3 P 0
L 5.6662881 1.4941976 5.7162881 1.4941976 3 P 0
L 5.6662881 1.5101976 5.7162881 1.5101976 1 P 0
L 5.6662881 1.5581976 5.7162881 1.5581976 1 P 0
L 5.6662881 1.5741976 5.7162881 1.5741976 3 P 0
L 5.6902887 0.9161974 5.6902887 0.9961974 3 P 0
L 5.6902887 0.9161974 5.7402887 0.9161974 3 P 0
L 5.6902887 0.9321974 5.7402887 0.9321974 1 P 0
L 5.6902887 0.9801974 5.7402887 0.9801974 1 P 0
L 5.6902887 0.9961974 5.7402887 0.9961974 3 P 0
L 5.7162881 1.4941976 5.7162881 1.5741976 3 P 0
L 5.7402887 0.9161974 5.7402887 0.9961974 3 P 0
L 5.8082881 1.5551976 5.8082881 1.6351976 3 P 0
L 5.8082881 1.5551976 5.8582881 1.5551976 3 P 0
L 5.8082881 1.5711976 5.8582881 1.5711976 1 P 0
L 5.8082881 1.6191976 5.8582881 1.6191976 1 P 0
L 5.8082881 1.6351976 5.8582881 1.6351976 3 P 0
L 5.8582881 1.5551976 5.8582881 1.6351976 3 P 0
L 5.8632888 1.0431975 5.8632888 1.1231975 3 P 0
L 5.8632888 1.0431975 5.9132888 1.0431975 3 P 0
L 5.8632888 1.0591975 5.9132888 1.0591975 1 P 0
L 5.8632888 1.1071975 5.9132888 1.1071975 1 P 0
L 5.8632888 1.1231975 5.9132888 1.1231975 3 P 0
L 5.9132888 1.0431975 5.9132888 1.1231975 3 P 0
L 5.957471 1.2691974 5.957471 1.3491974 3 P 0
L 5.957471 1.2691974 6.007471 1.2691974 3 P 0
L 5.957471 1.2851974 6.007471 1.2851974 1 P 0
L 5.957471 1.3331974 6.007471 1.3331974 1 P 0
L 5.957471 1.3491974 6.007471 1.3491974 3 P 0
L 5.9604712 1.1011976 5.9604712 1.1811976 3 P 0
L 5.9604712 1.1011976 6.0104712 1.1011976 3 P 0
L 5.9604712 1.1171976 6.0104712 1.1171976 1 P 0
L 5.9604712 1.1651976 6.0104712 1.1651976 1 P 0
L 5.9604712 1.1811976 6.0104712 1.1811976 3 P 0
L 5.9644712 1.4821976 5.9644712 1.5621976 3 P 0
L 5.9644712 1.4821976 6.0144712 1.4821976 3 P 0
L 5.9644712 1.4981976 6.0144712 1.4981976 1 P 0
L 5.9644712 1.5461976 6.0144712 1.5461976 1 P 0
L 5.9644712 1.5621976 6.0144712 1.5621976 3 P 0
L 5.9924724 0.4421976 5.9924724 0.5221976 3 P 0
L 5.9924724 0.4421976 6.0424724 0.4421976 3 P 0
L 5.9924724 0.4581976 6.0424724 0.4581976 1 P 0
L 5.9924724 0.5061976 6.0424724 0.5061976 1 P 0
L 5.9924724 0.5221976 6.0424724 0.5221976 3 P 0
L 6.007471 1.2691974 6.007471 1.3491974 3 P 0
L 6.0104712 1.1011976 6.0104712 1.1811976 3 P 0
L 6.0144712 1.4821976 6.0144712 1.5621976 3 P 0
L 6.0424724 0.4421976 6.0424724 0.5221976 3 P 0
L 6.0784714 0.9331974 6.0784714 1.0131974 3 P 0
L 6.0784714 0.9331974 6.1284714 0.9331974 3 P 0
L 6.0784714 0.9491974 6.1284714 0.9491974 1 P 0
L 6.0784714 0.9971974 6.1284714 0.9971974 1 P 0
L 6.0784714 1.0131974 6.1284714 1.0131974 3 P 0
L 6.0914716 1.4861976 6.0914716 1.5661976 3 P 0
L 6.0914716 1.4861976 6.1414716 1.4861976 3 P 0
L 6.0914716 1.5021976 6.1414716 1.5021976 1 P 0
L 6.0914716 1.5501976 6.1414716 1.5501976 1 P 0
L 6.0914716 1.5661976 6.1414716 1.5661976 3 P 0
L 6.114 2.5830009 6.114 2.6630009 3 P 0
L 6.114 2.5830009 6.164 2.5830009 3 P 0
L 6.114 2.5990009 6.164 2.5990009 1 P 0
L 6.114 2.6470009 6.164 2.6470009 1 P 0
L 6.114 2.6630009 6.164 2.6630009 3 P 0
L 6.1284714 0.9331974 6.1284714 1.0131974 3 P 0
L 6.1414716 1.4861976 6.1414716 1.5661976 3 P 0
L 6.164 2.5830009 6.164 2.6630009 3 P 0
L 6.2174712 1.4941976 6.2174712 1.5741976 3 P 0
L 6.2174712 1.4941976 6.2674712 1.4941976 3 P 0
L 6.2174712 1.5101976 6.2674712 1.5101976 1 P 0
L 6.2174712 1.5581976 6.2674712 1.5581976 1 P 0
L 6.2174712 1.5741976 6.2674712 1.5741976 3 P 0
L 6.2414718 0.9161974 6.2414718 0.9961974 3 P 0
L 6.2414718 0.9161974 6.2914718 0.9161974 3 P 0
L 6.2414718 0.9321974 6.2914718 0.9321974 1 P 0
L 6.2414718 0.9801974 6.2914718 0.9801974 1 P 0
L 6.2414718 0.9961974 6.2914718 0.9961974 3 P 0
L 6.2674712 1.4941976 6.2674712 1.5741976 3 P 0
L 6.2914718 0.9161974 6.2914718 0.9961974 3 P 0
L 6.3594712 1.5551976 6.3594712 1.6351976 3 P 0
L 6.3594712 1.5551976 6.4094712 1.5551976 3 P 0
L 6.3594712 1.5711976 6.4094712 1.5711976 1 P 0
L 6.3594712 1.6191976 6.4094712 1.6191976 1 P 0
L 6.3594712 1.6351976 6.4094712 1.6351976 3 P 0
L 6.4094712 1.5551976 6.4094712 1.6351976 3 P 0
L 6.4144719 1.0431975 6.4144719 1.1231975 3 P 0
L 6.4144719 1.0431975 6.4644719 1.0431975 3 P 0
L 6.4144719 1.0591975 6.4644719 1.0591975 1 P 0
L 6.4144719 1.1071975 6.4644719 1.1071975 1 P 0
L 6.4144719 1.1231975 6.4644719 1.1231975 3 P 0
L 6.4644719 1.0431975 6.4644719 1.1231975 3 P 0
L 6.5086501 1.2691974 6.5086501 1.3491974 3 P 0
L 6.5086501 1.2691974 6.5586501 1.2691974 3 P 0
L 6.5086501 1.2851974 6.5586501 1.2851974 1 P 0
L 6.5086501 1.3331974 6.5586501 1.3331974 1 P 0
L 6.5086501 1.3491974 6.5586501 1.3491974 3 P 0
L 6.5116503 1.1011976 6.5116503 1.1811976 3 P 0
L 6.5116503 1.1011976 6.5616503 1.1011976 3 P 0
L 6.5116503 1.1171976 6.5616503 1.1171976 1 P 0
L 6.5116503 1.1651976 6.5616503 1.1651976 1 P 0
L 6.5116503 1.1811976 6.5616503 1.1811976 3 P 0
L 6.5156503 1.4821976 6.5156503 1.5621976 3 P 0
L 6.5156503 1.4821976 6.5656503 1.4821976 3 P 0
L 6.5156503 1.4981976 6.5656503 1.4981976 1 P 0
L 6.5156503 1.5461976 6.5656503 1.5461976 1 P 0
L 6.5156503 1.5621976 6.5656503 1.5621976 3 P 0
L 6.5436515 0.4421976 6.5436515 0.5221976 3 P 0
L 6.5436515 0.4421976 6.5936515 0.4421976 3 P 0
L 6.5436515 0.4581976 6.5936515 0.4581976 1 P 0
L 6.5436515 0.5061976 6.5936515 0.5061976 1 P 0
L 6.5436515 0.5221976 6.5936515 0.5221976 3 P 0
L 6.5586501 1.2691974 6.5586501 1.3491974 3 P 0
L 6.5616503 1.1011976 6.5616503 1.1811976 3 P 0
L 6.5656503 1.4821976 6.5656503 1.5621976 3 P 0
L 6.5936515 0.4421976 6.5936515 0.5221976 3 P 0
L 6.6296505 0.9331974 6.6296505 1.0131974 3 P 0
L 6.6296505 0.9331974 6.6796505 0.9331974 3 P 0
L 6.6296505 0.9491974 6.6796505 0.9491974 1 P 0
L 6.6296505 0.9971974 6.6796505 0.9971974 1 P 0
L 6.6296505 1.0131974 6.6796505 1.0131974 3 P 0
L 6.6426507 1.4861976 6.6426507 1.5661976 3 P 0
L 6.6426507 1.4861976 6.6926507 1.4861976 3 P 0
L 6.6426507 1.5021976 6.6926507 1.5021976 1 P 0
L 6.6426507 1.5501976 6.6926507 1.5501976 1 P 0
L 6.6426507 1.5661976 6.6926507 1.5661976 3 P 0
L 6.6796505 0.9331974 6.6796505 1.0131974 3 P 0
L 6.6926507 1.4861976 6.6926507 1.5661976 3 P 0
L 6.7686503 1.4941976 6.7686503 1.5741976 3 P 0
L 6.7686503 1.4941976 6.8186503 1.4941976 3 P 0
L 6.7686503 1.5101976 6.8186503 1.5101976 1 P 0
L 6.7686503 1.5581976 6.8186503 1.5581976 1 P 0
L 6.7686503 1.5741976 6.8186503 1.5741976 3 P 0
L 6.7926509 0.9161974 6.7926509 0.9961974 3 P 0
L 6.7926509 0.9161974 6.8426509 0.9161974 3 P 0
L 6.7926509 0.9321974 6.8426509 0.9321974 1 P 0
L 6.7926509 0.9801974 6.8426509 0.9801974 1 P 0
L 6.7926509 0.9961974 6.8426509 0.9961974 3 P 0
L 6.8186503 1.4941976 6.8186503 1.5741976 3 P 0
L 6.8426509 0.9161974 6.8426509 0.9961974 3 P 0
L 6.9106503 1.5551976 6.9106503 1.6351976 3 P 0
L 6.9106503 1.5551976 6.9606503 1.5551976 3 P 0
L 6.9106503 1.5711976 6.9606503 1.5711976 1 P 0
L 6.9106503 1.6191976 6.9606503 1.6191976 1 P 0
L 6.9106503 1.6351976 6.9606503 1.6351976 3 P 0
L 6.9606503 1.5551976 6.9606503 1.6351976 3 P 0
L 6.965651 1.0431975 6.965651 1.1231975 3 P 0
L 6.965651 1.0431975 7.015651 1.0431975 3 P 0
L 6.965651 1.0591975 7.015651 1.0591975 1 P 0
L 6.965651 1.1071975 7.015651 1.1071975 1 P 0
L 6.965651 1.1231975 7.015651 1.1231975 3 P 0
L 7.015651 1.0431975 7.015651 1.1231975 3 P 0
P 0.2875195 2.2110671 4 P 0 0
P 0.3125031 2.5299995 4 P 0 0
P 0.5414801 2.2159345 4 P 0 0
