#Layer_Color=32768
#
#Feature symbol names
#
$0 r10
$1 r3.937

#
#Feature attribute names
#

#
#Layer features
#
A 3.4449029 -0.0000027 3.4449029 -0.0000027 0.000021 -0.0000027 0 P 0 N
L 0.000021 1.8003123 0.000021 1.8396823 1 P 0
L -0.019664 1.8199973 0.019706 1.8199973 1 P 0
L -0.032105 0.8529895 -0.032105 1.2270052 1 P 0
L 0.0348898 -2.789 0.0742598 -2.789 1 P 0
L 0.0545748 -2.808685 0.0545748 -2.769315 1 P 0
L 0.0921469 0.8529895 0.0921469 1.2270052 1 P 0
L 0.0921469 0.8529895 0.607895 0.8529895 1 P 0
L 0.0921469 1.2270052 0.607895 1.2270052 1 P 0
L -0.093063 -2.6807323 0.2022126 -2.6807323 1 P 0
L -0.093063 -2.8972677 -0.093063 -2.6807323 1 P 0
L -0.093063 -2.8972677 0.2022126 -2.8972677 1 P 0
L -0.1653333 1.7018871 -0.1653333 1.9381075 1 P 0
L -0.1653333 1.7018871 0.1653753 1.7018871 1 P 0
L -0.1653333 1.9381075 0.1653753 1.9381075 1 P 0
L 0.1653753 1.7018871 0.1653753 1.9381075 1 P 0
L 0.2022126 -2.8972677 0.2022126 -2.6807323 1 P 0
L -0.289979 1.0203123 -0.289979 1.0596824 1 P 0
L -0.3096641 1.0399973 -0.270294 1.0399973 1 P 0
L 0.3303359 1.0399973 0.369706 1.0399973 1 P 0
L 0.350021 1.0203123 0.350021 1.0596824 1 P 0
L -0.5478531 0.8529895 -0.032105 0.8529895 1 P 0
L -0.5478531 0.8529895 -0.5478531 1.2270052 1 P 0
L -0.5478531 1.2270052 -0.032105 1.2270052 1 P 0
L 0.607895 0.8529895 0.607895 1.2270052 1 P 0
L 1.2650574 -0.9241486 1.4304117 -0.6377464 1 P 0
L 1.2650574 -0.9241486 1.4696303 -1.0422588 1 P 0
L -1.3396247 0.9368871 -1.3396247 1.1731075 1 P 0
L 1.385336 1.0349973 1.424706 1.0349973 1 P 0
L 1.405021 1.0153123 1.405021 1.0546824 1 P 0
L 1.4304117 -0.6377464 1.6349846 -0.7558568 1 P 0
L 1.4329733 -0.8301602 1.4670687 -0.8498452 1 P 0
L 1.4401785 -0.8570504 1.4598636 -0.822955 1 P 0
L -1.4453697 -0.6427464 -1.2800154 -0.9291486 1 P 0
L 1.4696303 -1.0422588 1.6349846 -0.7558568 1 P 0
L -1.4748216 -0.827955 -1.4551365 -0.8620504 1 P 0
L -1.4820267 -0.8548452 -1.4479313 -0.8351602 1 P 0
L -1.4845883 -1.0472588 -1.2800154 -0.9291486 1 P 0
L -1.4981444 1.3201626 -1.4981444 1.4658319 1 P 0
L -1.504979 1.0353123 -1.504979 1.0746823 1 P 0
L -1.524664 1.0549973 -1.485294 1.0549973 1 P 0
L -1.570979 1.3733122 -1.570979 1.4126823 1 P 0
L -1.5906641 1.3929973 -1.551294 1.3929973 1 P 0
L -1.6438137 1.3201626 -1.4981444 1.3201626 1 P 0
L -1.6438137 1.3201626 -1.6438137 1.4658319 1 P 0
L -1.6438137 1.4658319 -1.4981444 1.4658319 1 P 0
L -1.6499426 -0.7608568 -1.4453697 -0.6427464 1 P 0
L -1.6499426 -0.7608568 -1.4845883 -1.0472588 1 P 0
L -1.6703333 0.9368871 -1.3396247 0.9368871 1 P 0
L -1.6703333 0.9368871 -1.6703333 1.1731075 1 P 0
L -1.6703333 1.1731075 -1.3396247 1.1731075 1 P 0
L -2.0830578 1.1868712 -2.0830578 1.3325405 1 P 0
L -2.1558924 1.2400208 -2.1558924 1.2793909 1 P 0
L -2.1755775 1.2597059 -2.1362074 1.2597059 1 P 0
L -2.2287271 1.1868712 -2.0830578 1.1868712 1 P 0
L -2.2287271 1.1868712 -2.2287271 1.3325405 1 P 0
L -2.2287271 1.3325405 -2.0830578 1.3325405 1 P 0
