#Layer_Color=32768
#
#Feature symbol names
#
$0 r6
$1 r2
$2 r7
$3 r4
$4 rect68x25
$5 rect150x80
$6 rect25x68
$7 rect25x68_60
$8 rect25x68_300

#
#Feature attribute names
#

#
#Layer features
#
L 29.1408821 32.6448077 29.1408821 32.6948077 0 P 0
L 29.1408821 32.6448077 29.2208821 32.6448077 0 P 0
L 29.1408821 32.6948077 29.2208821 32.6948077 0 P 0
L 29.1458821 32.6448077 29.1458821 32.6948077 0 P 0
L 29.1458821 32.6448077 29.2258821 32.6448077 0 P 0
L 29.1458821 32.6948077 29.2258821 32.6948077 0 P 0
L 29.1458821 32.7348077 29.1458821 32.7848077 0 P 0
L 29.1458821 32.7348077 29.2258821 32.7348077 0 P 0
L 29.1458821 32.7848077 29.2258821 32.7848077 0 P 0
L 29.1508821 32.7328077 29.1508821 32.7828077 0 P 0
L 29.1508821 32.7328077 29.2308821 32.7328077 0 P 0
L 29.1508821 32.7828077 29.2308821 32.7828077 0 P 0
L 29.1568821 32.6448077 29.1568821 32.6948077 1 P 0
L 29.1588821 30.3658077 29.1588821 30.4158077 0 P 0
L 29.1588821 30.3658077 29.2388821 30.3658077 0 P 0
L 29.1588821 30.4158077 29.2388821 30.4158077 0 P 0
L 29.1618821 32.6448077 29.1618821 32.6948077 1 P 0
L 29.1618821 32.7348077 29.1618821 32.7848077 1 P 0
L 29.1668821 32.7328077 29.1668821 32.7828077 1 P 0
L 29.1748821 30.3658077 29.1748821 30.4158077 1 P 0
L 29.2048821 32.6448077 29.2048821 32.6948077 1 P 0
L 29.2098821 32.6448077 29.2098821 32.6948077 1 P 0
L 29.2098821 32.7348077 29.2098821 32.7848077 1 P 0
L 29.2148821 32.7328077 29.2148821 32.7828077 1 P 0
L 29.2158821 32.4548077 29.2158821 32.5348077 0 P 0
L 29.2158821 32.4548077 29.2658821 32.4548077 0 P 0
L 29.2158821 32.4708077 29.2658821 32.4708077 1 P 0
L 29.2158821 32.5188077 29.2658821 32.5188077 1 P 0
L 29.2158821 32.5348077 29.2658821 32.5348077 0 P 0
L 29.2208821 32.6448077 29.2208821 32.6948077 0 P 0
L 29.2228821 30.3658077 29.2228821 30.4158077 1 P 0
L 29.2258821 32.6448077 29.2258821 32.6948077 0 P 0
L 29.2258821 32.7348077 29.2258821 32.7848077 0 P 0
L 29.2308821 32.7328077 29.2308821 32.7828077 0 P 0
L 29.2388821 30.3658077 29.2388821 30.4158077 0 P 0
L 29.2439371 29.9966352 29.302827 30.0306352 0 P 0
L 29.2439371 29.9966352 29.3049371 29.8909801 0 P 0
L 29.2526956 30.0074654 29.2551957 30.0031352 3 P 0
L 29.2526956 30.0074654 29.2890686 30.0284654 3 P 0
L 29.2658821 32.4548077 29.2658821 32.5348077 0 P 0
L 29.2890686 30.0284654 29.2915685 30.0241352 3 P 0
L 29.2924372 29.9126308 29.351327 29.9466308 3 P 0
L 29.302827 30.0306352 29.3638271 29.9249802 0 P 0
L 29.3049371 29.8909801 29.3638271 29.9249802 0 P 0
L 29.3070904 29.8252507 29.3330712 29.8402507 2 P 0
L 29.3125807 29.845741 29.3275808 29.8197603 2 P 0
L 29.3161957 29.8974802 29.3186957 29.89315 3 P 0
L 29.3186957 29.89315 29.3550686 29.91415 3 P 0
L 29.3508821 32.7248077 29.3508821 32.7748077 0 P 0
L 29.3508821 32.7248077 29.4308821 32.7248077 0 P 0
L 29.3508821 32.7748077 29.4308821 32.7748077 0 P 0
L 29.3525685 29.9184801 29.3550686 29.91415 3 P 0
L 29.3668821 32.7248077 29.3668821 32.7748077 1 P 0
L 29.4148821 32.7248077 29.4148821 32.7748077 1 P 0
L 29.4308821 32.7248077 29.4308821 32.7748077 0 P 0
L 29.4608821 32.5598077 29.4608821 32.6398077 0 P 0
L 29.4608821 32.5598077 29.5108821 32.5598077 0 P 0
L 29.4608821 32.5758077 29.5108821 32.5758077 1 P 0
L 29.4608821 32.6238077 29.5108821 32.6238077 1 P 0
L 29.4608821 32.6398077 29.5108821 32.6398077 0 P 0
L 29.5108821 32.5598077 29.5108821 32.6398077 0 P 0
L 29.5508821 32.6398077 29.5508821 32.6898077 0 P 0
L 29.5508821 32.6398077 29.6308821 32.6398077 0 P 0
L 29.5508821 32.6898077 29.6308821 32.6898077 0 P 0
L 29.5508821 32.7198077 29.5508821 32.7698077 0 P 0
L 29.5508821 32.7198077 29.6308821 32.7198077 0 P 0
L 29.5508821 32.7698077 29.6308821 32.7698077 0 P 0
L 29.5658821 32.1198077 29.5658821 32.1998077 0 P 0
L 29.5658821 32.1198077 29.6158821 32.1198077 0 P 0
L 29.5658821 32.1358077 29.6158821 32.1358077 1 P 0
L 29.5658821 32.1838077 29.6158821 32.1838077 1 P 0
L 29.5658821 32.1998077 29.6158821 32.1998077 0 P 0
L 29.5668821 32.6398077 29.5668821 32.6898077 1 P 0
L 29.5668821 32.7198077 29.5668821 32.7698077 1 P 0
L 29.6038821 29.7408077 29.6038821 29.7908077 0 P 0
L 29.6038821 29.7408077 29.6838821 29.7408077 0 P 0
L 29.6038821 29.7908077 29.6838821 29.7908077 0 P 0
L 29.6148821 32.6398077 29.6148821 32.6898077 1 P 0
L 29.6148821 32.7198077 29.6148821 32.7698077 1 P 0
L 29.6158821 32.1198077 29.6158821 32.1998077 0 P 0
L 29.6198821 29.7408077 29.6198821 29.7908077 1 P 0
L 29.6308821 32.6398077 29.6308821 32.6898077 0 P 0
L 29.6308821 32.7198077 29.6308821 32.7698077 0 P 0
L 29.6678821 29.7408077 29.6678821 29.7908077 1 P 0
L 29.6838821 29.7408077 29.6838821 29.7908077 0 P 0
L 29.7478821 32.8688077 29.7478821 32.9288077 0 P 0
L 29.7478821 32.8688077 29.8678821 32.8688077 0 P 0
L 29.7478821 32.9288077 29.8678821 32.9288077 0 P 0
L 29.7488821 33.7308077 29.7488821 33.8108077 0 P 0
L 29.7488821 33.7308077 29.7988821 33.7308077 0 P 0
L 29.7488821 33.7468077 29.7988821 33.7468077 1 P 0
L 29.7488821 33.7948077 29.7988821 33.7948077 1 P 0
L 29.7488821 33.8108077 29.7988821 33.8108077 0 P 0
L 29.7548821 32.3748077 29.7548821 32.4968077 0 P 0
L 29.7548821 32.3748077 29.8228821 32.3748077 0 P 0
L 29.7548821 32.4718077 29.8228821 32.4718077 3 P 0
L 29.7548821 32.4968077 29.8228821 32.4968077 0 P 0
L 29.7588821 32.6708077 29.7588821 32.7508077 0 P 0
L 29.7588821 32.6708077 29.8088821 32.6708077 0 P 0
L 29.7588821 32.6868077 29.8088821 32.6868077 1 P 0
L 29.7588821 32.7348077 29.8088821 32.7348077 1 P 0
L 29.7588821 32.7508077 29.8088821 32.7508077 0 P 0
L 29.7678821 32.3698077 29.7678821 32.3748077 3 P 0
L 29.7678821 32.3698077 29.8098821 32.3698077 3 P 0
L 29.7678821 32.4968077 29.7678821 32.5018077 3 P 0
L 29.7678821 32.5018077 29.8098821 32.5018077 3 P 0
L 29.7678821 32.8688077 29.7678821 32.9288077 1 P 0
L 29.7922316 30.7579488 29.8322316 30.6886665 0 P 0
L 29.7922316 30.7579488 29.8355327 30.7829487 0 P 0
L 29.7988821 33.7308077 29.7988821 33.8108077 0 P 0
L 29.8002316 30.7440924 29.8435329 30.7690924 1 P 0
L 29.8088821 32.6708077 29.8088821 32.7508077 0 P 0
L 29.8098821 32.3698077 29.8098821 32.3748077 3 P 0
L 29.8098821 32.4968077 29.8098821 32.5018077 3 P 0
L 29.8188821 33.7308077 29.8188821 33.8108077 0 P 0
L 29.8188821 33.7308077 29.8688821 33.7308077 0 P 0
L 29.8188821 33.7468077 29.8688821 33.7468077 1 P 0
L 29.8188821 33.7948077 29.8688821 33.7948077 1 P 0
L 29.8188821 33.8108077 29.8688821 33.8108077 0 P 0
L 29.8228821 32.3748077 29.8228821 32.4968077 0 P 0
L 29.8238821 32.5548077 29.8538821 32.5548077 2 P 0
L 29.8242316 30.7025232 29.8675328 30.7275231 1 P 0
L 29.8322316 30.6886665 29.8755328 30.7136667 0 P 0
L 29.8355327 30.7829487 29.8755328 30.7136667 0 P 0
L 29.8388821 29.6758077 29.8388821 29.7258077 0 P 0
L 29.8388821 29.6758077 29.9188821 29.6758077 0 P 0
L 29.8388821 29.7258077 29.9188821 29.7258077 0 P 0
L 29.8388821 32.5398077 29.8388821 32.5698077 2 P 0
L 29.8478821 32.8688077 29.8478821 32.9288077 1 P 0
L 29.8548821 29.6758077 29.8548821 29.7258077 1 P 0
L 29.8572315 30.7979489 29.8972315 30.7286667 0 P 0
L 29.8572315 30.7979489 29.9005327 30.8229487 0 P 0
L 29.8588821 30.0308077 29.8588821 30.0808077 0 P 0
L 29.8588821 30.0308077 29.9388821 30.0308077 0 P 0
L 29.8588821 30.0808077 29.9388821 30.0808077 0 P 0
L 29.8652315 30.7840923 29.9085327 30.8090923 1 P 0
L 29.8678821 32.8688077 29.8678821 32.9288077 0 P 0
L 29.8688821 33.7308077 29.8688821 33.8108077 0 P 0
L 29.8748821 30.0308077 29.8748821 30.0808077 1 P 0
L 29.8888821 33.7308077 29.8888821 33.8108077 0 P 0
L 29.8888821 33.7308077 29.9388821 33.7308077 0 P 0
L 29.8888821 33.7468077 29.9388821 33.7468077 1 P 0
L 29.8888821 33.7948077 29.9388821 33.7948077 1 P 0
L 29.8888821 33.8108077 29.9388821 33.8108077 0 P 0
L 29.8892315 30.7425231 29.9325327 30.7675231 1 P 0
L 29.8972315 30.7286667 29.9405327 30.7536667 0 P 0
L 29.9005327 30.8229487 29.9405327 30.7536667 0 P 0
L 29.9028821 29.6758077 29.9028821 29.7258077 1 P 0
L 29.9172316 30.8329488 29.9572316 30.7636665 0 P 0
L 29.9172316 30.8329488 29.9605327 30.8579487 0 P 0
L 29.9188821 29.6758077 29.9188821 29.7258077 0 P 0
L 29.9228821 30.0308077 29.9228821 30.0808077 1 P 0
L 29.9252316 30.8190924 29.9685329 30.8440924 1 P 0
L 29.9278821 32.6638077 29.9278821 32.7138077 0 P 0
L 29.9278821 32.6638077 30.0078821 32.6638077 0 P 0
L 29.9278821 32.7138077 30.0078821 32.7138077 0 P 0
L 29.9388821 30.0308077 29.9388821 30.0808077 0 P 0
L 29.9388821 33.7308077 29.9388821 33.8108077 0 P 0
L 29.9438821 32.6638077 29.9438821 32.7138077 1 P 0
L 29.9492316 30.7775232 29.9925328 30.8025231 1 P 0
L 29.9572316 30.7636665 30.0005328 30.7886667 0 P 0
L 29.9605327 30.8579487 30.0005328 30.7886667 0 P 0
L 29.9918821 32.6638077 29.9918821 32.7138077 1 P 0
L 29.9928821 32.8688077 29.9928821 32.9288077 0 P 0
L 29.9928821 32.8688077 30.1128821 32.8688077 0 P 0
L 29.9928821 32.9288077 30.1128821 32.9288077 0 P 0
L 30.0078821 32.6638077 30.0078821 32.7138077 0 P 0
L 30.0128821 32.7588077 30.0128821 32.8388077 0 P 0
L 30.0128821 32.7588077 30.0628821 32.7588077 0 P 0
L 30.0128821 32.7748077 30.0628821 32.7748077 1 P 0
L 30.0128821 32.8228077 30.0628821 32.8228077 1 P 0
L 30.0128821 32.8388077 30.0628821 32.8388077 0 P 0
L 30.0128821 32.8688077 30.0128821 32.9288077 1 P 0
L 30.0422315 30.3129489 30.0822315 30.2436667 0 P 0
L 30.0422315 30.3129489 30.0855327 30.3379487 0 P 0
L 30.0502315 30.2990923 30.0935327 30.3240923 1 P 0
L 30.0628821 32.6688077 30.0628821 32.7188077 0 P 0
L 30.0628821 32.6688077 30.1428821 32.6688077 0 P 0
L 30.0628821 32.7188077 30.1428821 32.7188077 0 P 0
L 30.0628821 32.7338077 30.0628821 32.7838077 0 P 0
L 30.0628821 32.7338077 30.1428821 32.7338077 0 P 0
L 30.0628821 32.7588077 30.0628821 32.8388077 0 P 0
L 30.0628821 32.7838077 30.1428821 32.7838077 0 P 0
L 30.0628821 32.7988077 30.0628821 32.8488077 0 P 0
L 30.0628821 32.7988077 30.1428821 32.7988077 0 P 0
L 30.0628821 32.8488077 30.1428821 32.8488077 0 P 0
L 30.0742315 30.2575231 30.1175327 30.2825231 1 P 0
L 30.0788821 32.6688077 30.0788821 32.7188077 1 P 0
L 30.0788821 32.7338077 30.0788821 32.7838077 1 P 0
L 30.0788821 32.7988077 30.0788821 32.8488077 1 P 0
L 30.0822315 30.2436667 30.1255327 30.2686667 0 P 0
L 30.0855327 30.3379487 30.1255327 30.2686667 0 P 0
L 30.0928821 32.8688077 30.0928821 32.9288077 1 P 0
L 30.1072316 30.3529488 30.1472316 30.2836665 0 P 0
L 30.1072316 30.3529488 30.1505327 30.3779487 0 P 0
L 30.1078821 32.9588077 30.1078821 33.0088077 0 P 0
L 30.1078821 32.9588077 30.1878821 32.9588077 0 P 0
L 30.1078821 33.0088077 30.1878821 33.0088077 0 P 0
L 30.1128821 32.8688077 30.1128821 32.9288077 0 P 0
L 30.1152316 30.3390924 30.1585329 30.3640924 1 P 0
L 30.1238821 32.9588077 30.1238821 33.0088077 1 P 0
L 30.1268821 32.6688077 30.1268821 32.7188077 1 P 0
L 30.1268821 32.7338077 30.1268821 32.7838077 1 P 0
L 30.1268821 32.7988077 30.1268821 32.8488077 1 P 0
L 30.1392316 30.2975232 30.1825328 30.3225231 1 P 0
L 30.1428821 32.6688077 30.1428821 32.7188077 0 P 0
L 30.1428821 32.7338077 30.1428821 32.7838077 0 P 0
L 30.1428821 32.7988077 30.1428821 32.8488077 0 P 0
L 30.1472316 30.2836665 30.1905328 30.3086667 0 P 0
L 30.1505327 30.3779487 30.1905328 30.3086667 0 P 0
L 30.1698821 32.3798077 30.1698821 32.5018077 0 P 0
L 30.1698821 32.3798077 30.2378821 32.3798077 0 P 0
L 30.1698821 32.4768077 30.2378821 32.4768077 3 P 0
L 30.1698821 32.5018077 30.2378821 32.5018077 0 P 0
L 30.1718821 32.9588077 30.1718821 33.0088077 1 P 0
L 30.1722316 30.3929488 30.2122316 30.3236665 0 P 0
L 30.1722316 30.3929488 30.2155327 30.4179487 0 P 0
L 30.1802316 30.3790924 30.2235329 30.4040924 1 P 0
L 30.1828821 32.3748077 30.1828821 32.3798077 3 P 0
L 30.1828821 32.3748077 30.2248821 32.3748077 3 P 0
L 30.1828821 32.5018077 30.1828821 32.5068077 3 P 0
L 30.1828821 32.5068077 30.2248821 32.5068077 3 P 0
L 30.1878821 32.9588077 30.1878821 33.0088077 0 P 0
L 30.2042316 30.3375232 30.2475328 30.3625231 1 P 0
L 30.2122316 30.3236665 30.2555328 30.3486667 0 P 0
L 30.2155327 30.4179487 30.2555328 30.3486667 0 P 0
L 30.2248821 32.3748077 30.2248821 32.3798077 3 P 0
L 30.2248821 32.5018077 30.2248821 32.5068077 3 P 0
L 30.2378821 32.3798077 30.2378821 32.5018077 0 P 0
L 30.2388821 32.5598077 30.2688821 32.5598077 2 P 0
L 30.2538821 32.5448077 30.2538821 32.5748077 2 P 0
L 30.3038821 33.1358077 30.3038821 33.1858077 0 P 0
L 30.3038821 33.1358077 30.3838821 33.1358077 0 P 0
L 30.3038821 33.1858077 30.3838821 33.1858077 0 P 0
L 30.3198821 33.1358077 30.3198821 33.1858077 1 P 0
L 30.3678821 33.1358077 30.3678821 33.1858077 1 P 0
L 30.3838821 33.1358077 30.3838821 33.1858077 0 P 0
L 31.0938821 33.8608077 31.0938821 33.9108077 0 P 0
L 31.0938821 33.8608077 31.1738821 33.8608077 0 P 0
L 31.0938821 33.9108077 31.1738821 33.9108077 0 P 0
L 31.1098821 33.8608077 31.1098821 33.9108077 1 P 0
L 31.1578821 33.8608077 31.1578821 33.9108077 1 P 0
L 31.1688821 33.4308077 31.1688821 33.4808077 0 P 0
L 31.1688821 33.4308077 31.2488821 33.4308077 0 P 0
L 31.1688821 33.4808077 31.2488821 33.4808077 0 P 0
L 31.1738821 33.8608077 31.1738821 33.9108077 0 P 0
L 31.1848821 33.4308077 31.1848821 33.4808077 1 P 0
L 31.2138821 33.1108077 31.2138821 33.1608077 0 P 0
L 31.2138821 33.1108077 31.2938821 33.1108077 0 P 0
L 31.2138821 33.1608077 31.2938821 33.1608077 0 P 0
L 31.2138821 33.1808077 31.2138821 33.2308077 0 P 0
L 31.2138821 33.1808077 31.2938821 33.1808077 0 P 0
L 31.2138821 33.2308077 31.2938821 33.2308077 0 P 0
L 31.2138821 33.2458077 31.2138821 33.2958077 0 P 0
L 31.2138821 33.2458077 31.2938821 33.2458077 0 P 0
L 31.2138821 33.2958077 31.2938821 33.2958077 0 P 0
L 31.2148821 34.0808077 31.2448821 34.0808077 2 P 0
L 31.2298821 33.1108077 31.2298821 33.1608077 1 P 0
L 31.2298821 33.1808077 31.2298821 33.2308077 1 P 0
L 31.2298821 33.2458077 31.2298821 33.2958077 1 P 0
L 31.2298821 34.0658077 31.2298821 34.0958077 2 P 0
L 31.2328821 33.4308077 31.2328821 33.4808077 1 P 0
L 31.2488821 33.4308077 31.2488821 33.4808077 0 P 0
L 31.2778821 33.1108077 31.2778821 33.1608077 1 P 0
L 31.2778821 33.1808077 31.2778821 33.2308077 1 P 0
L 31.2778821 33.2458077 31.2778821 33.2958077 1 P 0
L 31.2828821 34.0098077 31.2828821 34.0518077 3 P 0
L 31.2828821 34.0098077 31.2878821 34.0098077 3 P 0
L 31.2828821 34.0518077 31.2878821 34.0518077 3 P 0
L 31.2878821 33.9968077 31.2878821 34.0648077 0 P 0
L 31.2878821 33.9968077 31.4098821 33.9968077 0 P 0
L 31.2878821 34.0648077 31.4098821 34.0648077 0 P 0
L 31.2938821 33.1108077 31.2938821 33.1608077 0 P 0
L 31.2938821 33.1808077 31.2938821 33.2308077 0 P 0
L 31.2938821 33.2458077 31.2938821 33.2958077 0 P 0
L 31.3128821 33.9968077 31.3128821 34.0648077 3 P 0
L 31.4098821 33.9968077 31.4098821 34.0648077 0 P 0
L 31.4098821 34.0098077 31.4148821 34.0098077 3 P 0
L 31.4098821 34.0518077 31.4148821 34.0518077 3 P 0
L 31.4148821 34.0098077 31.4148821 34.0518077 3 P 0
L 31.7428821 33.0978077 31.7428821 33.1478077 0 P 0
L 31.7428821 33.0978077 31.8228821 33.0978077 0 P 0
L 31.7428821 33.1478077 31.8228821 33.1478077 0 P 0
L 31.7438821 33.2158077 31.7438821 33.2658077 0 P 0
L 31.7438821 33.2158077 31.8238821 33.2158077 0 P 0
L 31.7438821 33.2658077 31.8238821 33.2658077 0 P 0
L 31.7438821 33.2708077 31.7438821 33.3208077 0 P 0
L 31.7438821 33.2708077 31.8238821 33.2708077 0 P 0
L 31.7438821 33.3208077 31.8238821 33.3208077 0 P 0
L 31.7588821 33.0978077 31.7588821 33.1478077 1 P 0
L 31.7598821 33.2158077 31.7598821 33.2658077 1 P 0
L 31.7598821 33.2708077 31.7598821 33.3208077 1 P 0
L 31.8038821 33.8758077 31.8038821 33.9258077 0 P 0
L 31.8038821 33.8758077 31.8838821 33.8758077 0 P 0
L 31.8038821 33.9258077 31.8838821 33.9258077 0 P 0
L 31.8068821 33.0978077 31.8068821 33.1478077 1 P 0
L 31.8078821 33.2158077 31.8078821 33.2658077 1 P 0
L 31.8078821 33.2708077 31.8078821 33.3208077 1 P 0
L 31.8198821 33.8758077 31.8198821 33.9258077 1 P 0
L 31.8228821 33.0978077 31.8228821 33.1478077 0 P 0
L 31.8238821 33.2158077 31.8238821 33.2658077 0 P 0
L 31.8238821 33.2708077 31.8238821 33.3208077 0 P 0
L 31.8678821 33.8758077 31.8678821 33.9258077 1 P 0
L 31.8838821 33.8758077 31.8838821 33.9258077 0 P 0
L 32.0888821 28.7508077 32.0888821 29.0408077 3 P 0
L 32.0888821 28.7508077 32.0938821 28.7558077 1 P 0
L 32.0888821 28.7508077 32.2488821 28.7508077 3 P 0
L 32.0888821 29.0408077 32.0938821 29.0358077 1 P 0
L 32.0888821 29.0408077 32.2488821 29.0408077 3 P 0
L 32.0938821 28.7558077 32.0938821 29.0358077 1 P 0
L 32.0938821 28.7558077 32.2438821 28.7558077 1 P 0
L 32.0938821 29.0358077 32.2438821 29.0358077 1 P 0
L 32.1208821 28.7488077 32.1208821 28.7508077 3 P 0
L 32.1208821 28.7488077 32.2168821 28.7488077 3 P 0
L 32.1208821 29.0408077 32.1208821 29.0428077 3 P 0
L 32.1208821 29.0428077 32.2168821 29.0428077 3 P 0
L 32.1538821 29.1008077 32.1838821 29.1008077 2 P 0
L 32.1688821 29.0858077 32.1688821 29.1158077 2 P 0
L 32.2168821 28.7488077 32.2168821 28.7508077 3 P 0
L 32.2168821 29.0408077 32.2168821 29.0428077 3 P 0
L 32.2438821 28.7558077 32.2438821 29.0358077 1 P 0
L 32.2438821 28.7558077 32.2488821 28.7508077 1 P 0
L 32.2438821 29.0358077 32.2488821 29.0408077 1 P 0
L 32.2488821 28.7508077 32.2488821 29.0408077 3 P 0
L 32.6188821 28.6608077 32.6188821 28.7108077 0 P 0
L 32.6188821 28.6608077 32.6988821 28.6608077 0 P 0
L 32.6188821 28.7108077 32.6988821 28.7108077 0 P 0
L 32.6348821 28.6608077 32.6348821 28.7108077 1 P 0
L 32.6828821 28.6608077 32.6828821 28.7108077 1 P 0
L 32.6988821 28.6608077 32.6988821 28.7108077 0 P 0
L 32.7222315 30.3586667 32.7622315 30.4279487 0 P 0
L 32.7222315 30.3586667 32.7655327 30.3336667 0 P 0
L 32.7302315 30.3725231 32.7735327 30.3475231 1 P 0
L 32.7542315 30.4140923 32.7975327 30.3890923 1 P 0
L 32.7622315 30.4279487 32.8055327 30.4029489 0 P 0
L 32.7655327 30.3336667 32.8055327 30.4029489 0 P 0
L 32.7822315 30.3236667 32.8222315 30.3929487 0 P 0
L 32.7822315 30.3236667 32.8255327 30.2986667 0 P 0
L 32.7902315 30.3375231 32.8335327 30.3125231 1 P 0
L 32.8142315 30.3790923 32.8575327 30.3540923 1 P 0
L 32.8222315 30.3929487 32.8655327 30.3679489 0 P 0
L 32.8255327 30.2986667 32.8655327 30.3679489 0 P 0
L 32.8472315 30.2836667 32.8872315 30.3529487 0 P 0
L 32.8472315 30.2836667 32.8905327 30.2586667 0 P 0
L 32.8552315 30.2975231 32.8985327 30.2725231 1 P 0
L 32.8792315 30.3390923 32.9225327 30.3140923 1 P 0
L 32.8872315 30.3529487 32.9305327 30.3279489 0 P 0
L 32.8905327 30.2586667 32.9305327 30.3279489 0 P 0
L 32.9512315 30.7786667 32.9912315 30.8479487 0 P 0
L 32.9512315 30.7786667 32.9945327 30.7536667 0 P 0
L 32.9592315 30.7925231 33.0025327 30.7675231 1 P 0
L 32.9832315 30.8340923 33.0265327 30.8090923 1 P 0
L 32.9912315 30.8479487 33.0345327 30.8229489 0 P 0
L 32.9938821 32.2708077 32.9938821 32.3508077 0 P 0
L 32.9938821 32.2708077 33.0438821 32.2708077 0 P 0
L 32.9938821 32.2868077 33.0438821 32.2868077 1 P 0
L 32.9938821 32.3348077 33.0438821 32.3348077 1 P 0
L 32.9938821 32.3508077 33.0438821 32.3508077 0 P 0
L 32.9945327 30.7536667 33.0345327 30.8229489 0 P 0
L 33.0122315 30.7386667 33.0522315 30.8079487 0 P 0
L 33.0122315 30.7386667 33.0555327 30.7136667 0 P 0
L 33.0138821 32.5858077 33.0138821 32.6358077 0 P 0
L 33.0138821 32.5858077 33.0938821 32.5858077 0 P 0
L 33.0138821 32.6358077 33.0938821 32.6358077 0 P 0
L 33.0202315 30.7525231 33.0635327 30.7275231 1 P 0
L 33.0238821 32.4058077 33.0238821 32.4558077 0 P 0
L 33.0238821 32.4058077 33.1038821 32.4058077 0 P 0
L 33.0238821 32.4558077 33.1038821 32.4558077 0 P 0
L 33.0238821 32.4708077 33.0238821 32.5208077 0 P 0
L 33.0238821 32.4708077 33.1038821 32.4708077 0 P 0
L 33.0238821 32.5208077 33.1038821 32.5208077 0 P 0
L 33.0298821 32.5858077 33.0298821 32.6358077 1 P 0
L 33.0398821 32.4058077 33.0398821 32.4558077 1 P 0
L 33.0398821 32.4708077 33.0398821 32.5208077 1 P 0
L 33.0438821 32.2708077 33.0438821 32.3508077 0 P 0
L 33.0442315 30.7940923 33.0875327 30.7690923 1 P 0
L 33.0522315 30.8079487 33.0955327 30.7829489 0 P 0
L 33.0555327 30.7136667 33.0955327 30.7829489 0 P 0
L 33.0772315 30.6986667 33.1172315 30.7679487 0 P 0
L 33.0772315 30.6986667 33.1205327 30.6736667 0 P 0
L 33.0778821 32.5858077 33.0778821 32.6358077 1 P 0
L 33.0852315 30.7125231 33.1285327 30.6875231 1 P 0
L 33.0878821 32.4058077 33.0878821 32.4558077 1 P 0
L 33.0878821 32.4708077 33.0878821 32.5208077 1 P 0
L 33.0938821 32.5858077 33.0938821 32.6358077 0 P 0
L 33.1038821 32.4058077 33.1038821 32.4558077 0 P 0
L 33.1038821 32.4708077 33.1038821 32.5208077 0 P 0
L 33.1092315 30.7540923 33.1525327 30.7290923 1 P 0
L 33.1172315 30.7679487 33.1605327 30.7429489 0 P 0
L 33.1205327 30.6736667 33.1605327 30.7429489 0 P 0
L 33.2638821 32.1308077 33.2638821 32.1808077 0 P 0
L 33.2638821 32.1308077 33.3438821 32.1308077 0 P 0
L 33.2638821 32.1808077 33.3438821 32.1808077 0 P 0
L 33.2798821 32.1308077 33.2798821 32.1808077 1 P 0
L 33.3278821 32.1308077 33.3278821 32.1808077 1 P 0
L 33.3388821 30.5558077 33.3388821 30.6058077 0 P 0
L 33.3388821 30.5558077 33.4188821 30.5558077 0 P 0
L 33.3388821 30.6058077 33.4188821 30.6058077 0 P 0
L 33.3438821 32.1308077 33.3438821 32.1808077 0 P 0
L 33.3548821 30.5558077 33.3548821 30.6058077 1 P 0
L 33.3738821 33.6058077 33.3738821 33.6858077 0 P 0
L 33.3738821 33.6058077 33.4238821 33.6058077 0 P 0
L 33.3738821 33.6218077 33.4238821 33.6218077 1 P 0
L 33.3738821 33.6698077 33.4238821 33.6698077 1 P 0
L 33.3738821 33.6858077 33.4238821 33.6858077 0 P 0
L 33.4028821 30.5558077 33.4028821 30.6058077 1 P 0
L 33.4188821 30.5558077 33.4188821 30.6058077 0 P 0
L 33.4238821 33.6058077 33.4238821 33.6858077 0 P 0
L 33.4438821 33.6058077 33.4438821 33.6858077 0 P 0
L 33.4438821 33.6058077 33.4938821 33.6058077 0 P 0
L 33.4438821 33.6218077 33.4938821 33.6218077 1 P 0
L 33.4438821 33.6698077 33.4938821 33.6698077 1 P 0
L 33.4438821 33.6858077 33.4938821 33.6858077 0 P 0
L 33.4938821 33.6058077 33.4938821 33.6858077 0 P 0
L 33.5138821 33.6058077 33.5138821 33.6858077 0 P 0
L 33.5138821 33.6058077 33.5638821 33.6058077 0 P 0
L 33.5138821 33.6218077 33.5638821 33.6218077 1 P 0
L 33.5138821 33.6698077 33.5638821 33.6698077 1 P 0
L 33.5138821 33.6858077 33.5638821 33.6858077 0 P 0
L 33.5638821 33.6058077 33.5638821 33.6858077 0 P 0
L 33.5838821 29.9358077 33.5838821 29.9858077 0 P 0
L 33.5838821 29.9358077 33.6638821 29.9358077 0 P 0
L 33.5838821 29.9858077 33.6638821 29.9858077 0 P 0
L 33.5998821 29.9358077 33.5998821 29.9858077 1 P 0
L 33.6478821 29.9358077 33.6478821 29.9858077 1 P 0
L 33.6638821 29.9358077 33.6638821 29.9858077 0 P 0
L 33.7688821 30.8158077 33.7688821 30.8658077 0 P 0
L 33.7688821 30.8158077 33.8488821 30.8158077 0 P 0
L 33.7688821 30.8658077 33.8488821 30.8658077 0 P 0
L 33.7689373 30.1799802 33.8278271 30.1459801 0 P 0
L 33.7689373 30.1799802 33.8299371 30.2856353 0 P 0
L 33.7776956 30.16915 33.7801957 30.1734801 3 P 0
L 33.7776956 30.16915 33.8140685 30.14815 3 P 0
L 33.7848821 30.8158077 33.7848821 30.8658077 1 P 0
L 33.8140685 30.14815 33.8165687 30.1524802 3 P 0
L 33.8174372 30.2639848 33.876327 30.2299846 3 P 0
L 33.8278271 30.1459801 33.8888269 30.2516352 0 P 0
L 33.8299371 30.2856353 33.8888269 30.2516352 0 P 0
L 33.8328821 30.8158077 33.8328821 30.8658077 1 P 0
L 33.8411955 30.2791352 33.8436956 30.2834654 3 P 0
L 33.8436956 30.2834654 33.8800686 30.2624654 3 P 0
L 33.8438821 30.5808077 33.8438821 30.6308077 0 P 0
L 33.8438821 30.5808077 33.9238821 30.5808077 0 P 0
L 33.8438821 30.6308077 33.9238821 30.6308077 0 P 0
L 33.8488821 30.8158077 33.8488821 30.8658077 0 P 0
L 33.8598821 30.5808077 33.8598821 30.6308077 1 P 0
L 33.8775685 30.2581353 33.8800686 30.2624654 3 P 0
L 33.9078821 30.5808077 33.9078821 30.6308077 1 P 0
L 33.918693 30.3013647 33.9446738 30.2863647 2 P 0
L 33.9238821 30.5808077 33.9238821 30.6308077 0 P 0
L 33.9241833 30.2808743 33.9391834 30.3068551 2 P 0
P 29.3281578 29.9187608 7 P 0 0
P 29.7888818 32.4843076 4 P 0 0
P 30.2038818 32.4893076 4 P 0 0
P 31.3003298 34.0308076 6 P 0 0
P 32.1688818 28.9958076 5 P 0 0
P 33.8531318 30.2578094 8 P 0 0
