#Layer_Color=32768
#
#Feature symbol names
#
$0 r3.937

#
#Feature attribute names
#

#
#Layer features
#
L 0.5918898 9.2226457 0.5918898 9.5533543 0 P 0
L 0.5918898 9.2226457 0.8281102 9.2226457 0 P 0
L 0.5918898 9.5533543 0.8281102 9.5533543 0 P 0
L 0.690315 9.388 0.729685 9.388 0 P 0
L 0.71 9.368315 0.71 9.407685 0 P 0
L 0.8281102 9.2226457 0.8281102 9.5533543 0 P 0
L 1.5194961 0.9272992 1.5194961 1.2147008 0 P 0
L 1.5194961 0.9272992 1.956504 0.9272992 0 P 0
L 1.5194961 1.2147008 1.956504 1.2147008 0 P 0
L 1.718315 1.071 1.7576851 1.071 0 P 0
L 1.738 1.0513149 1.738 1.090685 0 P 0
L 1.956504 0.9272992 1.956504 1.2147008 0 P 0
L 2.4068898 0.6492441 2.4068898 0.9799527 0 P 0
L 2.4068898 0.6492441 2.6431102 0.6492441 0 P 0
L 2.4068898 0.9799527 2.6431102 0.9799527 0 P 0
L 2.505315 0.8145984 2.544685 0.8145984 0 P 0
L 2.525 0.7949134 2.525 0.8342834 0 P 0
L 2.6431102 0.6492441 2.6431102 0.9799527 0 P 0
L 3.2317244 0.6908111 3.2317244 1.127819 0 P 0
L 3.2317244 0.6908111 3.519126 0.6908111 0 P 0
L 3.2317244 1.127819 3.519126 1.127819 0 P 0
L 3.3557402 0.909315 3.3951103 0.909315 0 P 0
L 3.3754252 0.88963 3.3754252 0.9290001 0 P 0
L 3.519126 0.6908111 3.519126 1.127819 0 P 0
L 4.4456457 9.3958898 4.4456457 9.6321102 0 P 0
L 4.4456457 9.3958898 4.7763543 9.3958898 0 P 0
L 4.4456457 9.6321102 4.7763543 9.6321102 0 P 0
L 4.591315 9.514 4.630685 9.514 0 P 0
L 4.611 9.494315 4.611 9.533685 0 P 0
L 4.6216745 0.8185957 4.6216745 0.964265 0 P 0
L 4.6216745 0.8185957 4.7673438 0.8185957 0 P 0
L 4.6216745 0.964265 4.7673438 0.964265 0 P 0
L 4.6748241 0.8914304 4.7141942 0.8914304 0 P 0
L 4.6945092 0.8717453 4.6945092 0.9111154 0 P 0
L 4.7673438 0.8185957 4.7673438 0.964265 0 P 0
L 4.7763543 9.3958898 4.7763543 9.6321102 0 P 0
L 6.7043622 9.2527323 6.7043622 9.4692677 0 P 0
L 6.7043622 9.2527323 6.9996378 9.2527323 0 P 0
L 6.7043622 9.4692677 6.9996378 9.4692677 0 P 0
L 6.832315 9.361 6.871685 9.361 0 P 0
L 6.852 9.341315 6.852 9.380685 0 P 0
L 6.9996378 9.2527323 6.9996378 9.4692677 0 P 0
