#Layer_Color=32768
#
#Feature symbol names
#
$0 r6
$1 r4
$2 r7
$3 r2
$4 rect68x25

#
#Feature attribute names
#

#
#Layer features
#
L 21.4265354 15.7823622 21.4265354 15.8323622 0 P 0
L 21.4265354 15.7823622 21.5065354 15.7823622 0 P 0
L 21.4265354 15.8323622 21.5065354 15.8323622 0 P 0
L 21.4425354 15.7823622 21.4425354 15.8323622 3 P 0
L 21.4905354 15.7823622 21.4905354 15.8323622 3 P 0
L 21.5065354 15.7823622 21.5065354 15.8323622 0 P 0
L 21.5215354 16.1323622 21.5215354 16.1823622 0 P 0
L 21.5215354 16.1323622 21.6015354 16.1323622 0 P 0
L 21.5215354 16.1823622 21.6015354 16.1823622 0 P 0
L 21.5215354 16.2373622 21.5215354 16.2873622 0 P 0
L 21.5215354 16.2373622 21.6015354 16.2373622 0 P 0
L 21.5215354 16.2873622 21.6015354 16.2873622 0 P 0
L 21.5215354 16.4423622 21.5215354 16.4923622 0 P 0
L 21.5215354 16.4423622 21.6015354 16.4423622 0 P 0
L 21.5215354 16.4923622 21.6015354 16.4923622 0 P 0
L 21.5265354 16.3373622 21.5265354 16.3873622 0 P 0
L 21.5265354 16.3373622 21.6065354 16.3373622 0 P 0
L 21.5265354 16.3873622 21.6065354 16.3873622 0 P 0
L 21.5375354 16.1323622 21.5375354 16.1823622 3 P 0
L 21.5375354 16.2373622 21.5375354 16.2873622 3 P 0
L 21.5375354 16.4423622 21.5375354 16.4923622 3 P 0
L 21.5425354 16.3373622 21.5425354 16.3873622 3 P 0
L 21.5855354 16.1323622 21.5855354 16.1823622 3 P 0
L 21.5855354 16.2373622 21.5855354 16.2873622 3 P 0
L 21.5855354 16.4423622 21.5855354 16.4923622 3 P 0
L 21.5905354 16.3373622 21.5905354 16.3873622 3 P 0
L 21.6015354 16.1323622 21.6015354 16.1823622 0 P 0
L 21.6015354 16.2373622 21.6015354 16.2873622 0 P 0
L 21.6015354 16.4423622 21.6015354 16.4923622 0 P 0
L 21.6065354 16.3373622 21.6065354 16.3873622 0 P 0
L 21.8084252 16.2923622 21.8084252 16.3423622 0 P 0
L 21.8084252 16.2923622 21.8884252 16.2923622 0 P 0
L 21.8084252 16.3423622 21.8884252 16.3423622 0 P 0
L 21.8084252 16.3923622 21.8084252 16.4423622 0 P 0
L 21.8084252 16.3923622 21.8884252 16.3923622 0 P 0
L 21.8084252 16.4423622 21.8884252 16.4423622 0 P 0
L 21.8084252 16.4623622 21.8084252 16.5123622 0 P 0
L 21.8084252 16.4623622 21.8884252 16.4623622 0 P 0
L 21.8084252 16.5123622 21.8884252 16.5123622 0 P 0
L 21.8244252 16.2923622 21.8244252 16.3423622 3 P 0
L 21.8244252 16.3923622 21.8244252 16.4423622 3 P 0
L 21.8244252 16.4623622 21.8244252 16.5123622 3 P 0
L 21.8265354 16.1223622 21.8265354 16.1723622 0 P 0
L 21.8265354 16.1223622 21.9065354 16.1223622 0 P 0
L 21.8265354 16.1723622 21.9065354 16.1723622 0 P 0
L 21.8265354 16.1923622 21.8265354 16.2423622 0 P 0
L 21.8265354 16.1923622 21.9065354 16.1923622 0 P 0
L 21.8265354 16.2423622 21.9065354 16.2423622 0 P 0
L 21.8425354 16.1223622 21.8425354 16.1723622 3 P 0
L 21.8425354 16.1923622 21.8425354 16.2423622 3 P 0
L 21.8724252 16.2923622 21.8724252 16.3423622 3 P 0
L 21.8724252 16.3923622 21.8724252 16.4423622 3 P 0
L 21.8724252 16.4623622 21.8724252 16.5123622 3 P 0
L 21.8884252 16.2923622 21.8884252 16.3423622 0 P 0
L 21.8884252 16.3923622 21.8884252 16.4423622 0 P 0
L 21.8884252 16.4623622 21.8884252 16.5123622 0 P 0
L 21.8905354 16.1223622 21.8905354 16.1723622 3 P 0
L 21.8905354 16.1923622 21.8905354 16.2423622 3 P 0
L 21.9065354 16.1223622 21.9065354 16.1723622 0 P 0
L 21.9065354 16.1923622 21.9065354 16.2423622 0 P 0
L 22.0446457 16.1223622 22.0446457 16.1723622 0 P 0
L 22.0446457 16.1223622 22.1246457 16.1223622 0 P 0
L 22.0446457 16.1723622 22.1246457 16.1723622 0 P 0
L 22.0446457 16.1923622 22.0446457 16.2423622 0 P 0
L 22.0446457 16.1923622 22.1246457 16.1923622 0 P 0
L 22.0446457 16.2423622 22.1246457 16.2423622 0 P 0
L 22.0446457 16.2923622 22.0446457 16.3423622 0 P 0
L 22.0446457 16.2923622 22.1246457 16.2923622 0 P 0
L 22.0446457 16.3423622 22.1246457 16.3423622 0 P 0
L 22.0446457 16.3923622 22.0446457 16.4423622 0 P 0
L 22.0446457 16.3923622 22.1246457 16.3923622 0 P 0
L 22.0446457 16.4423622 22.1246457 16.4423622 0 P 0
L 22.0446457 16.4673622 22.0446457 16.5173622 0 P 0
L 22.0446457 16.4673622 22.1246457 16.4673622 0 P 0
L 22.0446457 16.5173622 22.1246457 16.5173622 0 P 0
L 22.0606457 16.1223622 22.0606457 16.1723622 3 P 0
L 22.0606457 16.1923622 22.0606457 16.2423622 3 P 0
L 22.0606457 16.2923622 22.0606457 16.3423622 3 P 0
L 22.0606457 16.3923622 22.0606457 16.4423622 3 P 0
L 22.0606457 16.4673622 22.0606457 16.5173622 3 P 0
L 22.1086457 16.1223622 22.1086457 16.1723622 3 P 0
L 22.1086457 16.1923622 22.1086457 16.2423622 3 P 0
L 22.1086457 16.2923622 22.1086457 16.3423622 3 P 0
L 22.1086457 16.3923622 22.1086457 16.4423622 3 P 0
L 22.1086457 16.4673622 22.1086457 16.5173622 3 P 0
L 22.1246457 16.1223622 22.1246457 16.1723622 0 P 0
L 22.1246457 16.1923622 22.1246457 16.2423622 0 P 0
L 22.1246457 16.2923622 22.1246457 16.3423622 0 P 0
L 22.1246457 16.3923622 22.1246457 16.4423622 0 P 0
L 22.1246457 16.4673622 22.1246457 16.5173622 0 P 0
L 22.2665354 16.0533622 22.2965354 16.0533622 2 P 0
L 22.2815354 16.0383622 22.2815354 16.0683622 2 P 0
L 22.2975354 16.1113622 22.2975354 16.2333622 0 P 0
L 22.2975354 16.1113622 22.3655354 16.1113622 0 P 0
L 22.2975354 16.1363622 22.3655354 16.1363622 1 P 0
L 22.2975354 16.2333622 22.3655354 16.2333622 0 P 0
L 22.3105354 16.1063622 22.3105354 16.1113622 1 P 0
L 22.3105354 16.1063622 22.3525354 16.1063622 1 P 0
L 22.3105354 16.2333622 22.3105354 16.2383622 1 P 0
L 22.3105354 16.2383622 22.3525354 16.2383622 1 P 0
L 22.3265354 16.3323622 22.3265354 16.4123622 0 P 0
L 22.3265354 16.3323622 22.3765354 16.3323622 0 P 0
L 22.3265354 16.3483622 22.3765354 16.3483622 3 P 0
L 22.3265354 16.3963622 22.3765354 16.3963622 3 P 0
L 22.3265354 16.4123622 22.3765354 16.4123622 0 P 0
L 22.3525354 16.1063622 22.3525354 16.1113622 1 P 0
L 22.3525354 16.2333622 22.3525354 16.2383622 1 P 0
L 22.3655354 16.1113622 22.3655354 16.2333622 0 P 0
L 22.3765354 16.3323622 22.3765354 16.4123622 0 P 0
L 22.3965354 16.2483622 22.4265354 16.2483622 2 P 0
L 22.4115354 16.2333622 22.4115354 16.2633622 2 P 0
L 22.4265354 16.0923622 22.4265354 16.1423622 0 P 0
L 22.4265354 16.0923622 22.5065354 16.0923622 0 P 0
L 22.4265354 16.1423622 22.5065354 16.1423622 0 P 0
L 22.4275354 16.3063622 22.4275354 16.4283622 0 P 0
L 22.4275354 16.3063622 22.4955354 16.3063622 0 P 0
L 22.4275354 16.3313622 22.4955354 16.3313622 1 P 0
L 22.4275354 16.4283622 22.4955354 16.4283622 0 P 0
L 22.4405354 16.3013622 22.4405354 16.3063622 1 P 0
L 22.4405354 16.3013622 22.4825354 16.3013622 1 P 0
L 22.4405354 16.4283622 22.4405354 16.4333622 1 P 0
L 22.4405354 16.4333622 22.4825354 16.4333622 1 P 0
L 22.4425354 16.0923622 22.4425354 16.1423622 3 P 0
L 22.4825354 16.3013622 22.4825354 16.3063622 1 P 0
L 22.4825354 16.4283622 22.4825354 16.4333622 1 P 0
L 22.4905354 16.0923622 22.4905354 16.1423622 3 P 0
L 22.4955354 16.3063622 22.4955354 16.4283622 0 P 0
L 22.5065354 16.0923622 22.5065354 16.1423622 0 P 0
L 23.1365354 16.2773622 23.1365354 16.3273622 0 P 0
L 23.1365354 16.2773622 23.2165354 16.2773622 0 P 0
L 23.1365354 16.3273622 23.2165354 16.3273622 0 P 0
L 23.1365354 16.3473622 23.1365354 16.3973622 0 P 0
L 23.1365354 16.3473622 23.2165354 16.3473622 0 P 0
L 23.1365354 16.3973622 23.2165354 16.3973622 0 P 0
L 23.1525354 16.2773622 23.1525354 16.3273622 3 P 0
L 23.1525354 16.3473622 23.1525354 16.3973622 3 P 0
L 23.2005354 16.2773622 23.2005354 16.3273622 3 P 0
L 23.2005354 16.3473622 23.2005354 16.3973622 3 P 0
L 23.2165354 16.2773622 23.2165354 16.3273622 0 P 0
L 23.2165354 16.3473622 23.2165354 16.3973622 0 P 0
L 23.3365354 16.2473622 23.3365354 16.2973622 0 P 0
L 23.3365354 16.2473622 23.4165354 16.2473622 0 P 0
L 23.3365354 16.2973622 23.4165354 16.2973622 0 P 0
L 23.3525354 16.2473622 23.3525354 16.2973622 3 P 0
L 23.4005354 16.2473622 23.4005354 16.2973622 3 P 0
L 23.4165354 16.2473622 23.4165354 16.2973622 0 P 0
L 23.4365354 16.3473622 23.4365354 16.3973622 0 P 0
L 23.4365354 16.3473622 23.5165354 16.3473622 0 P 0
L 23.4365354 16.3973622 23.5165354 16.3973622 0 P 0
L 23.4525354 16.3473622 23.4525354 16.3973622 3 P 0
L 23.5005354 16.3473622 23.5005354 16.3973622 3 P 0
L 23.5165354 16.3473622 23.5165354 16.3973622 0 P 0
L 23.7515354 16.2923622 23.7515354 16.3723622 0 P 0
L 23.7515354 16.2923622 23.8015354 16.2923622 0 P 0
L 23.7515354 16.3083622 23.8015354 16.3083622 3 P 0
L 23.7515354 16.3563622 23.8015354 16.3563622 3 P 0
L 23.7515354 16.3723622 23.8015354 16.3723622 0 P 0
L 23.7815354 16.0163622 23.7815354 16.0963622 0 P 0
L 23.7815354 16.0163622 23.8315354 16.0163622 0 P 0
L 23.7815354 16.0323622 23.8315354 16.0323622 3 P 0
L 23.7815354 16.0803622 23.8315354 16.0803622 3 P 0
L 23.7815354 16.0963622 23.8315354 16.0963622 0 P 0
L 23.8015354 16.2923622 23.8015354 16.3723622 0 P 0
L 23.8215354 16.2923622 23.8215354 16.3723622 0 P 0
L 23.8215354 16.2923622 23.8715354 16.2923622 0 P 0
L 23.8215354 16.3083622 23.8715354 16.3083622 3 P 0
L 23.8215354 16.3563622 23.8715354 16.3563622 3 P 0
L 23.8215354 16.3723622 23.8715354 16.3723622 0 P 0
L 23.8315354 16.0163622 23.8315354 16.0963622 0 P 0
L 23.8715354 16.2923622 23.8715354 16.3723622 0 P 0
L 23.8915354 16.2923622 23.8915354 16.3723622 0 P 0
L 23.8915354 16.2923622 23.9415354 16.2923622 0 P 0
L 23.8915354 16.3083622 23.9415354 16.3083622 3 P 0
L 23.8915354 16.3563622 23.9415354 16.3563622 3 P 0
L 23.8915354 16.3723622 23.9415354 16.3723622 0 P 0
L 23.9415354 16.2923622 23.9415354 16.3723622 0 P 0
L 23.9615354 16.2923622 23.9615354 16.3723622 0 P 0
L 23.9615354 16.2923622 24.0115354 16.2923622 0 P 0
L 23.9615354 16.3083622 24.0115354 16.3083622 3 P 0
L 23.9615354 16.3563622 24.0115354 16.3563622 3 P 0
L 23.9615354 16.3723622 24.0115354 16.3723622 0 P 0
L 24.0115354 16.2923622 24.0115354 16.3723622 0 P 0
L 24.0315354 16.2923622 24.0315354 16.3723622 0 P 0
L 24.0315354 16.2923622 24.0815354 16.2923622 0 P 0
L 24.0315354 16.3083622 24.0815354 16.3083622 3 P 0
L 24.0315354 16.3563622 24.0815354 16.3563622 3 P 0
L 24.0315354 16.3723622 24.0815354 16.3723622 0 P 0
L 24.0815354 16.2923622 24.0815354 16.3723622 0 P 0
L 24.1015354 16.2923622 24.1015354 16.3723622 0 P 0
L 24.1015354 16.2923622 24.1515354 16.2923622 0 P 0
L 24.1015354 16.3083622 24.1515354 16.3083622 3 P 0
L 24.1015354 16.3563622 24.1515354 16.3563622 3 P 0
L 24.1015354 16.3723622 24.1515354 16.3723622 0 P 0
L 24.1515354 16.2923622 24.1515354 16.3723622 0 P 0
L 24.1715354 16.2923622 24.1715354 16.3723622 0 P 0
L 24.1715354 16.2923622 24.2215354 16.2923622 0 P 0
L 24.1715354 16.3083622 24.2215354 16.3083622 3 P 0
L 24.1715354 16.3563622 24.2215354 16.3563622 3 P 0
L 24.1715354 16.3723622 24.2215354 16.3723622 0 P 0
L 24.2215354 16.2923622 24.2215354 16.3723622 0 P 0
L 24.2415354 16.2923622 24.2415354 16.3723622 0 P 0
L 24.2415354 16.2923622 24.2915354 16.2923622 0 P 0
L 24.2415354 16.3083622 24.2915354 16.3083622 3 P 0
L 24.2415354 16.3563622 24.2915354 16.3563622 3 P 0
L 24.2415354 16.3723622 24.2915354 16.3723622 0 P 0
L 24.2425354 15.9013622 24.2425354 16.0233622 0 P 0
L 24.2425354 15.9013622 24.3105354 15.9013622 0 P 0
L 24.2425354 15.9983622 24.3105354 15.9983622 1 P 0
L 24.2425354 16.0233622 24.3105354 16.0233622 0 P 0
L 24.2555354 15.8963622 24.2555354 15.9013622 1 P 0
L 24.2555354 15.8963622 24.2975354 15.8963622 1 P 0
L 24.2555354 16.0233622 24.2555354 16.0283622 1 P 0
L 24.2555354 16.0283622 24.2975354 16.0283622 1 P 0
L 24.2915354 16.2923622 24.2915354 16.3723622 0 P 0
L 24.2975354 15.8963622 24.2975354 15.9013622 1 P 0
L 24.2975354 16.0233622 24.2975354 16.0283622 1 P 0
L 24.3105354 15.9013622 24.3105354 16.0233622 0 P 0
L 24.3115354 16.0813622 24.3415354 16.0813622 2 P 0
L 24.3265354 16.0663622 24.3265354 16.0963622 2 P 0
P 22.3313442 16.1237912 4 P 0 0
P 22.46157 16.3188536 4 P 0 0
P 24.2765422 16.0109636 4 P 0 0
