#Layer_Physical_Order=2
#Layer_Color=36540
#
#Feature symbol names
#
$0 r5
$1 r25
$2 r10
$3 r12.0079
$4 r98.4252
$5 r65
$6 r80
$7 r20

#
#Feature attribute names
#
@0 .geometry
@1 .pad_usage
@2 .nomenclature
@3 .string
@4 .string_angle

#
#Feature attribute text strings
#
&0 \*.G1 - MID LAYER 1 GERBER DATA 
&1 Pad_Simple_X98.4252Y98.4252H51.1811C91.1811
&2 Pad_Simple_X65.0000Y65.0000H40.0000C80.0000
&3 Pad_Simple_X80.0000Y80.0000H52.0000C92.0000
&4 VIA_RoundD20.0000H10.0000C50.0000

#
#Layer features
#
L 0.1424015 8.8010787 0.144 8.8010787 0 P 0
L 0.144 8.8010787 2.939 8.8010787 0 P 0
L 0.189 3.4810787 0.235 3.4350787 0 P 0
L 0.235 3.4350787 1.542 3.4350787 0 P 0
L 0.338 4.9775984 0.7882917 4.9775984 0 P 0
L 0.3779528 5.1838582 0.3779528 5.2180315 0 P 0
L 0.3779528 5.2180315 0.4140001 5.2540788 0 P 0
L 0.4140001 5.2540788 2.619 5.2540788 0 P 0
L 0.417 5.0959132 2.6335 5.0959132 0 P 0
L 0.481 1.7010787 1.0442721 1.7010787 0 P 0
L 0.483 3.2780787 0.734 3.2780787 0 P 0
L 0.501 1.6720787 1.0605442 1.6720787 0 P 0
L 0.521 1.7760787 4.089 1.7760787 0 P 0
L 0.535 8.5320787 1.911 8.5320787 0 P 0
L 0.548 1.4050787 2.249 1.4050787 0 P 0
L 0.565 1.5130787 2.324 1.5130787 0 P 0
L 0.6155 2.3661417 0.6557756 2.4064173 0 P 0
L 0.6155 2.4661417 0.6587756 2.5094173 0 P 0
L 0.6155118 7.6173228 0.6557874 7.6575984 0 P 0
L 0.6155118 7.7173228 0.6587874 7.7605984 0 P 0
L 0.6557756 2.4064173 1.4740727 2.4064173 0 P 0
L 0.6557874 7.6575984 1.4740845 7.6575984 0 P 0
L 0.6587756 2.5094173 1.9722244 2.5094173 0 P 0
L 0.6587874 7.7605984 1.9722362 7.7605984 0 P 0
L 0.7155 2.3589055 0.7155 2.3661417 0 P 0
L 0.7155 2.3589055 0.7859882 2.2884173 0 P 0
L 0.7155 2.4661417 0.7662244 2.4154173 0 P 0
L 0.7155118 7.6100866 0.7155118 7.6173228 0 P 0
L 0.7155118 7.6100866 0.786 7.5395984 0 P 0
L 0.7155118 7.7173228 0.7662362 7.6665984 0 P 0
L 0.734 3.2780787 0.784 3.3280787 0 P 0
L 0.7662244 2.4154173 1.4703448 2.4154173 0 P 0
L 0.7662362 7.6665984 1.4703566 7.6665984 0 P 0
L 0.784 3.3280787 1.697 3.3280787 0 P 0
L 0.7859882 2.2884173 2.0377756 2.2884173 0 P 0
L 0.786 7.5395984 2.0377874 7.5395984 0 P 0
L 0.7882917 4.9775984 0.810772 5.0000787 0 P 0
L 0.810772 5.0000787 1.1376655 5.0000787 0 P 0
L 1.0442721 1.7010787 1.139272 1.6060788 0 P 0
L 1.0605442 1.6720787 1.1355441 1.5970788 0 P 0
L 1.134 5.1940787 1.1489094 5.1791693 0 P 0
L 1.1355441 1.5970788 1.242272 1.5970788 0 P 0
L 1.1376655 5.0000787 1.1441655 4.9935787 0 P 0
L 1.139272 1.6060788 1.238 1.6060788 0 P 0
L 1.1441655 4.9935787 1.1578345 4.9935787 0 P 0
L 1.1489094 5.1791693 2.5237561 5.1791693 0 P 0
L 1.151 5.0100787 1.153 5.0120787 0 P 0
L 1.153 5.0120787 2.5581177 5.0120787 0 P 0
L 1.1578345 4.9935787 1.1673345 5.0030787 0 P 0
L 1.1673345 5.0030787 2.5543898 5.0030787 0 P 0
L 1.238 1.6060788 1.3399999 1.7080787 0 P 0
L 1.242272 1.5970788 1.327071 1.6818778 0 P 0
L 1.327071 1.6818778 2.511799 1.6818778 0 P 0
L 1.3399999 1.7080787 2.5212722 1.7080787 0 P 0
L 1.438 4.9710787 1.438 4.9840787 1 P 0
L 1.438 4.9710787 1.476 4.9330787 1 P 0
L 1.4703448 2.4154173 1.4779078 2.4229803 0 P 0
L 1.4703566 7.6665984 1.4779196 7.6741614 0 P 0
L 1.4740727 2.4064173 1.4816357 2.4139803 0 P 0
L 1.4740845 7.6575984 1.4816475 7.6651614 0 P 0
L 1.476 4.9330787 3.02 4.9330787 1 P 0
L 1.4779078 2.4229803 1.5708151 2.4229803 0 P 0
L 1.4779196 7.6741614 1.5708269 7.6741614 0 P 0
L 1.4816357 2.4139803 1.5277895 2.4139803 0 P 0
L 1.4816475 7.6651614 1.5278013 7.6651614 0 P 0
L 1.5277895 2.4139803 1.5353525 2.4064173 0 P 0
L 1.5278013 7.6651614 1.5353643 7.6575984 0 P 0
L 1.5353525 2.4064173 1.6009211 2.4064173 0 P 0
L 1.5353643 7.6575984 1.6009329 7.6575984 0 P 0
L 1.542 3.4350787 2.942 3.4350787 0 P 0
L 1.548 4.9830787 1.5624803 4.9830787 0 P 0
L 1.5624803 4.9830787 1.5704803 4.9910787 0 P 0
L 1.5704803 4.9910787 2.5536619 4.9910787 0 P 0
L 1.5708151 2.4229803 1.6031537 2.4553189 0 P 0
L 1.5708269 7.6741614 1.6031655 7.7065 0 P 0
L 1.5787402 5.1956693 1.5787402 5.2158189 0 P 0
L 1.5787402 5.2158189 1.5970001 5.2340788 0 P 0
L 1.5970001 5.2340788 2.7015235 5.2340788 0 P 0
L 1.6009211 2.4064173 1.6129211 2.4184173 0 P 0
L 1.6009329 7.6575984 1.6129329 7.6695984 0 P 0
L 1.6031537 2.4553189 1.7018227 2.4553189 0 P 0
L 1.6031655 7.7065 1.7018345 7.7065 0 P 0
L 1.6129211 2.4184173 1.9632244 2.4184173 0 P 0
L 1.6129329 7.6695984 1.9632362 7.6695984 0 P 0
L 1.621 5.1140787 2.6389376 5.1140787 0 P 0
L 1.697 3.3280787 1.788 3.4190787 0 P 0
L 1.7018227 2.4553189 1.7297243 2.4274173 0 P 0
L 1.7018345 7.7065 1.7297361 7.6785984 0 P 0
L 1.7297243 2.4274173 1.9990701 2.4274173 0 P 0
L 1.7297361 7.6785984 1.9990819 7.6785984 0 P 0
L 1.788 3.4190787 2.134 3.4190787 0 P 0
L 1.872 1.7280787 2.5140001 1.7280787 0 P 0
L 1.911 8.5320787 6.104 8.5320787 0 P 0
L 1.912 1.6620788 2.492 1.6620788 0 P 0
L 1.931 1.7510787 2.6641046 1.7510787 0 P 0
L 1.947 1.3750787 2.2724435 1.3750787 0 P 0
L 1.9632244 2.4184173 2.0155 2.3661417 0 P 0
L 1.9632362 7.6695984 2.0155118 7.6173228 0 P 0
L 1.964 1.5330787 2.316 1.5330787 0 P 0
L 1.9722244 2.5094173 2.0155 2.4661417 0 P 0
L 1.9722362 7.7605984 2.0155118 7.7173228 0 P 0
L 1.9990701 2.4274173 1.9993457 2.4271417 0 P 0
L 1.9990819 7.6785984 1.9993575 7.6783228 0 P 0
L 1.9993457 2.4271417 2.0765 2.4271417 0 P 0
L 1.9993575 7.6783228 2.0765118 7.6783228 0 P 0
L 2.0155 2.3661417 2.0547756 2.4054173 0 P 0
L 2.0155 2.4661417 2.0587756 2.5094173 0 P 0
L 2.0155118 7.6173228 2.0547874 7.6565984 0 P 0
L 2.0155118 7.7173228 2.0587874 7.7605984 0 P 0
L 2.0377756 2.2884173 2.1155 2.3661417 0 P 0
L 2.0377874 7.5395984 2.1155118 7.6173228 0 P 0
L 2.0547756 2.4054173 2.8730727 2.4054173 0 P 0
L 2.0547874 7.6565984 2.8730845 7.6565984 0 P 0
L 2.0587756 2.5094173 3.3722244 2.5094173 0 P 0
L 2.0587874 7.7605984 3.3722362 7.7605984 0 P 0
L 2.0765 2.4271417 2.1155 2.4661417 0 P 0
L 2.0765118 7.6783228 2.1155118 7.7173228 0 P 0
L 2.1155 2.3661417 2.1932244 2.2884173 0 P 0
L 2.1155 2.4661417 2.1586614 2.4229803 0 P 0
L 2.1155118 7.6173228 2.1932362 7.5395984 0 P 0
L 2.1155118 7.7173228 2.1672362 7.6655984 0 P 0
L 2.134 3.4190787 2.209 3.3440787 0 P 0
L 2.1586614 2.4229803 2.3616998 2.4229803 0 P 0
L 2.1672362 7.6655984 2.8693566 7.6655984 0 P 0
L 2.1932244 2.2884173 3.4377756 2.2884173 0 P 0
L 2.1932362 7.5395984 3.4377874 7.5395984 0 P 0
L 2.209 3.3440787 3.234 3.3440787 0 P 0
L 2.249 1.4050787 2.4375001 1.5935788 0 P 0
L 2.2724435 1.3750787 2.4819436 1.5845788 0 P 0
L 2.316 1.5330787 2.4285001 1.6455788 0 P 0
L 2.324 1.5130787 2.4210001 1.6100788 0 P 0
L 2.3616998 2.4229803 2.4087982 2.4700787 0 P 0
L 2.4087982 2.4700787 2.733 2.4700787 0 P 0
L 2.4210001 1.6100788 2.539 1.6100788 0 P 0
L 2.4285001 1.6455788 2.5315 1.6455788 0 P 0
L 2.4375001 1.5935788 2.5738345 1.5935788 0 P 0
L 2.4819436 1.5845788 2.6935 1.5845788 0 P 0
L 2.5140001 1.7280787 2.629 1.6130788 0 P 0
L 2.5212722 1.7080787 2.6252721 1.6040788 0 P 0
L 2.5237561 5.1791693 2.5351655 5.1905787 0 P 0
L 2.5315 1.6455788 2.567 1.6100788 0 P 0
L 2.5351655 5.1905787 2.5488345 5.1905787 0 P 0
L 2.5429998 5.1730789 2.763941 5.1730789 0 P 0
L 2.5488345 5.1905787 2.5573343 5.1820789 0 P 0
L 2.5536619 4.9910787 2.5656618 4.9790788 0 P 0
L 2.5543898 5.0030787 2.5693897 4.9880788 0 P 0
L 2.5573343 5.1820789 2.7719115 5.1820789 0 P 0
L 2.558 5.0330787 2.559 5.0320787 0 P 0
L 2.5581177 5.0120787 2.5731176 4.9970788 0 P 0
L 2.559 5.0320787 2.5720589 5.0320787 0 P 0
L 2.5656618 4.9790788 2.5881301 4.9790788 0 P 0
L 2.5693897 4.9880788 2.5844022 4.9880788 0 P 0
L 2.5720589 5.0320787 2.5900882 5.0140494 0 P 0
L 2.5731176 4.9970788 2.5806743 4.9970788 0 P 0
L 2.5738345 1.5935788 2.5753345 1.5950788 0 P 0
L 2.5753345 1.5950788 2.7357279 1.5950788 0 P 0
L 2.5806743 4.9970788 2.5816742 4.9980787 0 P 0
L 2.5816742 4.9980787 2.6123258 4.9980787 0 P 0
L 2.5844022 4.9880788 2.5854021 4.9890787 0 P 0
L 2.5854021 4.9890787 2.6085979 4.9890787 0 P 0
L 2.5881301 4.9790788 2.58913 4.9800787 0 P 0
L 2.58913 4.9800787 2.60487 4.9800787 0 P 0
L 2.5900882 5.0140494 2.7250294 5.0140494 0 P 0
L 2.60487 4.9800787 2.6058699 4.9790788 0 P 0
L 2.6058699 4.9790788 2.7239376 4.9790788 0 P 0
L 2.6085979 4.9890787 2.6095978 4.9880788 0 P 0
L 2.6095978 4.9880788 2.7276655 4.9880788 0 P 0
L 2.6123258 4.9980787 2.6133257 4.9970788 0 P 0
L 2.6133257 4.9970788 2.742 4.9970788 0 P 0
L 2.619 5.2540788 2.629 5.2440788 0 P 0
L 2.6252721 1.6040788 2.732 1.6040788 0 P 0
L 2.629 1.6130788 2.728272 1.6130788 0 P 0
L 2.629 5.2440788 2.6973814 5.2440788 0 P 0
L 2.6335 5.0959132 2.6431655 5.1055787 0 P 0
L 2.6389376 5.1140787 2.6394376 5.1145787 0 P 0
L 2.6394376 5.1145787 2.6605624 5.1145787 0 P 0
L 2.6431655 5.1055787 2.6568345 5.1055787 0 P 0
L 2.6568345 5.1055787 2.6665 5.0959132 0 P 0
L 2.6605624 5.1145787 2.6610624 5.1140787 0 P 0
L 2.6610624 5.1140787 2.754184 5.1140787 0 P 0
L 2.6641046 1.7510787 2.6745259 1.7615 0 P 0
L 2.6665 5.0930787 2.6665 5.0959132 0 P 0
L 2.6665 5.0930787 2.762456 5.0930787 0 P 0
L 2.6745259 1.7615 2.7254741 1.7615 0 P 0
L 2.6935 1.5845788 2.695 1.5860788 0 P 0
L 2.695 1.5860788 2.7394558 1.5860788 0 P 0
L 2.6973814 5.2440788 2.7163814 5.2630788 0 P 0
L 2.7015235 5.2340788 2.7205235 5.2530788 0 P 0
L 2.7163814 5.2630788 2.922 5.2630788 0 P 0
L 2.7205235 5.2530788 2.889 5.2530788 0 P 0
L 2.7239376 4.9790788 2.7314376 4.9715788 0 P 0
L 2.7254741 1.7615 2.7358954 1.7510787 0 P 0
L 2.7276655 4.9880788 2.7351655 4.9805788 0 P 0
L 2.728272 1.6130788 2.854272 1.7390788 0 P 0
L 2.7314376 4.9715788 2.7525624 4.9715788 0 P 0
L 2.7318777 5.2031375 2.732693 5.2039528 0 P 0
L 2.732 1.6040788 2.858 1.7300788 0 P 0
L 2.732693 5.2039528 2.7681259 5.2039528 0 P 0
L 2.733 2.4700787 2.819 2.4700787 0 P 0
L 2.7351655 4.9805788 2.7488345 4.9805788 0 P 0
L 2.7357279 1.5950788 2.8617279 1.7210788 0 P 0
L 2.7358954 1.7510787 3.9846655 1.7510787 0 P 0
L 2.7394558 1.5860788 2.8654558 1.7120788 0 P 0
L 2.7488345 4.9805788 2.7743344 5.0060787 0 P 0
L 2.7525624 4.9715788 2.7770623 4.9960787 0 P 0
L 2.754184 5.1140787 2.8241838 5.0440789 0 P 0
L 2.762456 5.0930787 2.8204559 5.0350788 0 P 0
L 2.763941 5.1730789 2.7809705 5.1560494 0 P 0
L 2.7681259 5.2039528 2.886 5.0860787 0 P 0
L 2.7719115 5.1820789 2.785941 5.1680494 0 P 0
L 2.7743344 5.0060787 2.8476655 5.0060787 0 P 0
L 2.7770623 4.9960787 2.8449376 4.9960787 0 P 0
L 2.779 -0.9774431 2.8170871 -1.0002953 3 P 0 ;2,3=0,4=0.000000
L 2.7809705 5.1560494 2.7809706 5.1560494 0 P 0
L 2.7809706 5.1560494 2.8689413 5.0680787 0 P 0
L 2.785941 5.1680494 2.7859411 5.1680494 0 P 0
L 2.7859411 5.1680494 2.7894558 5.1645347 0 P 0
L 2.7894558 5.1645347 2.7894559 5.1645347 0 P 0
L 2.7894559 5.1645347 2.8769119 5.0770787 0 P 0
L 2.7980435 -0.9660169 2.7980435 -1.0117214 3 P 0 ;2,3=0,4=0.000000
L 2.8170871 -0.9774431 2.779 -1.0002953 3 P 0 ;2,3=0,4=0.000000
L 2.819 2.4700787 2.855 2.4340787 0 P 0
L 2.8204559 5.0350788 3.1014559 5.0350788 0 P 0
L 2.8241838 5.0440789 3.1051838 5.0440789 0 P 0
L 2.8334645 -1.0421911 2.8372732 -1.0459998 3 P 0 ;2,3=0,4=0.000000
L 2.8372732 -1.0383824 2.8334645 -1.0421911 3 P 0 ;2,3=0,4=0.000000
L 2.8372732 -1.0459998 2.8410819 -1.0421911 3 P 0 ;2,3=0,4=0.000000
L 2.8410819 -1.0421911 2.8372732 -1.0383824 3 P 0 ;2,3=0,4=0.000000
L 2.8449376 4.9960787 2.8494376 4.9915787 0 P 0
L 2.8476655 5.0060787 2.8531655 5.0005787 0 P 0
L 2.8494376 4.9915787 2.8705624 4.9915787 0 P 0
L 2.8531655 5.0005787 2.8668345 5.0005787 0 P 0
L 2.854272 1.7390788 3.731 1.7390788 0 P 0
L 2.855 2.4340787 2.9819135 2.4340787 0 P 0
L 2.858 1.7300788 3.7060588 1.7300788 0 P 0
L 2.858602 -0.9964866 2.858602 -1.0155301 3 P 0 ;2,3=0,4=0.000000
L 2.858602 -1.0155301 2.8624107 -1.0269563 3 P 0 ;2,3=0,4=0.000000
L 2.86 5.0170787 3.094 5.0170787 0 P 0
L 2.8617279 1.7210788 3.656 1.7210788 0 P 0
L 2.8624107 -0.9850605 2.858602 -0.9964866 3 P 0 ;2,3=0,4=0.000000
L 2.8624107 -1.0269563 2.8662194 -1.0345737 3 P 0 ;2,3=0,4=0.000000
L 2.8654558 1.7120788 3.641 1.7120788 0 P 0
L 2.8662194 -0.9774431 2.8624107 -0.9850605 3 P 0 ;2,3=0,4=0.000000
L 2.8662194 -1.0345737 2.8738368 -1.0421911 3 P 0 ;2,3=0,4=0.000000
L 2.8668345 5.0005787 2.8723345 5.0060787 0 P 0
L 2.8689413 5.0680787 3.1237279 5.0680787 0 P 0
L 2.8693566 7.6655984 2.8779196 7.6741614 0 P 0
L 2.8705624 4.9915787 2.8750624 4.9960787 0 P 0
L 2.8723345 5.0060787 3.0897279 5.0060787 0 P 0
L 2.8730727 2.4054173 2.8816357 2.4139803 0 P 0
L 2.8730845 7.6565984 2.8816475 7.6651614 0 P 0
L 2.8738368 -0.9698256 2.8662194 -0.9774431 3 P 0 ;2,3=0,4=0.000000
L 2.8738368 -1.0421911 2.8814542 -1.0459998 3 P 0 ;2,3=0,4=0.000000
L 2.8750624 4.9960787 3.087 4.9960787 0 P 0
L 2.8769119 5.0770787 3.1274558 5.0770787 0 P 0
L 2.8779196 7.6741614 2.9708269 7.6741614 0 P 0
L 2.8814542 -0.9660169 2.8738368 -0.9698256 3 P 0 ;2,3=0,4=0.000000
L 2.8814542 -1.0459998 2.8966891 -1.0459998 3 P 0 ;2,3=0,4=0.000000
L 2.8816357 2.4139803 3.0084841 2.4139803 0 P 0
L 2.8816475 7.6651614 2.9278013 7.6651614 0 P 0
L 2.886 5.0860787 3.5940712 5.0860787 0 P 0
L 2.889 5.2530788 2.924 5.2180788 0 P 0
L 2.8966891 -0.9660169 2.8814542 -0.9660169 3 P 0 ;2,3=0,4=0.000000
L 2.8966891 -1.0155301 2.9157326 -1.0155301 3 P 0 ;2,3=0,4=0.000000
L 2.8966891 -1.0459998 2.9043065 -1.0421911 3 P 0 ;2,3=0,4=0.000000
L 2.9043065 -0.9698256 2.8966891 -0.9660169 3 P 0 ;2,3=0,4=0.000000
L 2.9043065 -1.0421911 2.9119239 -1.0345737 3 P 0 ;2,3=0,4=0.000000
L 2.9119239 -0.9774431 2.9043065 -0.9698256 3 P 0 ;2,3=0,4=0.000000
L 2.9119239 -1.0345737 2.9157326 -1.0269563 3 P 0 ;2,3=0,4=0.000000
L 2.9157326 -0.9850605 2.9119239 -0.9774431 3 P 0 ;2,3=0,4=0.000000
L 2.9157326 -1.0269563 2.9157326 -1.0155301 3 P 0 ;2,3=0,4=0.000000
L 2.922 5.2630788 2.945 5.2400788 0 P 0
L 2.924 5.2010787 2.924 5.2180788 0 P 0
L 2.924 5.2010787 2.948 5.1770787 0 P 0
L 2.9278013 7.6651614 2.9363643 7.6565984 0 P 0
L 2.9340144 -0.9812518 2.9416318 -0.9774431 3 P 0 ;2,3=0,4=0.000000
L 2.9363643 7.6565984 2.9999329 7.6565984 0 P 0
L 2.939 8.8010787 4.344 8.8010787 0 P 0
L 2.9416318 -0.9774431 2.9530579 -0.9660169 3 P 0 ;2,3=0,4=0.000000
L 2.942 3.4350787 3.038 3.4350787 0 P 0
L 2.945 5.2040787 2.945 5.2400788 0 P 0
L 2.9530579 -0.9660169 2.9530579 -1.0459998 3 P 0 ;2,3=0,4=0.000000
L 2.9708269 7.6741614 3.0031655 7.7065 0 P 0
L 2.978 5.2050787 3.003 5.2300787 0 P 0
L 2.9819135 2.4340787 3.0031537 2.4553189 0 P 0
L 2.9999329 7.6565984 3.0121691 7.6688346 0 P 0
L 3.003 5.2300787 3.102 5.2300787 0 P 0
L 3.0031537 2.4553189 3.1018227 2.4553189 0 P 0
L 3.0031655 7.7065 3.1018345 7.7065 0 P 0
L 3.0084841 2.4139803 3.0121573 2.4176535 0 P 0
L 3.0121573 2.4176535 3.3639882 2.4176535 0 P 0
L 3.0121691 7.6688346 3.364 7.6688346 0 P 0
L 3.02 4.9330787 3.059 4.9720787 1 P 0
L 3.038 3.4350787 3.063 3.4600787 0 P 0
L 3.0555122 -1.0117214 3.1240689 -1.0117214 3 P 0 ;2,3=0,4=0.000000
L 3.063 3.4600787 4.063 3.4600787 0 P 0
L 3.087 4.9960787 3.175 4.9080787 0 P 0
L 3.0897279 5.0060787 3.1787279 4.9170787 0 P 0
L 3.094 5.0170787 3.185 4.9260787 0 P 0
L 3.1014559 5.0350788 3.1924559 4.9440788 0 P 0
L 3.1018227 2.4553189 3.1304881 2.4266535 0 P 0
L 3.1018345 7.7065 3.1304999 7.6778346 0 P 0
L 3.102 5.2300787 3.13 5.2020787 0 P 0
L 3.1051838 5.0440789 3.1961838 4.9530789 0 P 0
L 3.1237279 5.0680787 3.1420898 5.0497168 0 P 0
L 3.1274558 5.0770787 3.1378471 5.0666874 0 P 0
L 3.1304881 2.4266535 3.4760118 2.4266535 0 P 0
L 3.1304999 7.6778346 3.4760236 7.6778346 0 P 0
L 3.1378471 5.0666874 3.5546086 5.0666874 0 P 0
L 3.1420898 5.0497168 3.537638 5.0497168 0 P 0
L 3.175 4.9080787 3.641728 4.9080787 0 P 0
L 3.175 5.0031667 3.175 5.0050787 2 P 0
L 3.175 5.0050787 3.2169998 4.9630789 0 P 0
L 3.1787279 4.9170787 3.6380001 4.9170787 0 P 0
L 3.185 4.9260787 3.5109999 4.9260787 0 P 0
L 3.1924559 4.9440788 3.503544 4.9440788 0 P 0
L 3.1961838 4.9530789 3.4998161 4.9530789 0 P 0
L 3.2105266 -0.9660169 3.2105266 -1.0459998 3 P 0 ;2,3=0,4=0.000000
L 3.2105266 -0.9660169 3.2409963 -1.0459998 3 P 0 ;2,3=0,4=0.000000
L 3.2169998 4.9620789 3.4960881 4.9620789 0 P 0
L 3.234 3.3440787 3.266 3.3440787 0 P 0
L 3.266 3.3440787 3.346 3.2640787 0 P 0
L 3.2714659 -0.9660169 3.2409963 -1.0459998 3 P 0 ;2,3=0,4=0.000000
L 3.2714659 -0.9660169 3.2714659 -1.0459998 3 P 0 ;2,3=0,4=0.000000
L 3.2943182 -0.9660169 3.2943182 -1.0459998 3 P 0 ;2,3=0,4=0.000000
L 3.3110765 -0.9660169 3.3110765 -1.0459998 3 P 0 ;2,3=0,4=0.000000
L 3.3110765 -0.9660169 3.3377375 -0.9660169 3 P 0 ;2,3=0,4=0.000000
L 3.3377375 -0.9660169 3.3491636 -0.9698256 3 P 0 ;2,3=0,4=0.000000
L 3.3377375 -1.0459998 3.3110765 -1.0459998 3 P 0 ;2,3=0,4=0.000000
L 3.346 3.2640787 4.452 3.2640787 0 P 0
L 3.3491636 -0.9698256 3.356781 -0.9774431 3 P 0 ;2,3=0,4=0.000000
L 3.3491636 -1.0421911 3.3377375 -1.0459998 3 P 0 ;2,3=0,4=0.000000
L 3.356781 -0.9774431 3.3605897 -0.9850605 3 P 0 ;2,3=0,4=0.000000
L 3.356781 -1.0345737 3.3491636 -1.0421911 3 P 0 ;2,3=0,4=0.000000
L 3.3605897 -0.9850605 3.3643984 -0.9964866 3 P 0 ;2,3=0,4=0.000000
L 3.3605897 -1.0269563 3.356781 -1.0345737 3 P 0 ;2,3=0,4=0.000000
L 3.3639882 2.4176535 3.4155 2.3661417 0 P 0
L 3.364 7.6688346 3.4155118 7.6173228 0 P 0
L 3.3643984 -0.9964866 3.3643984 -1.0155301 3 P 0 ;2,3=0,4=0.000000
L 3.3643984 -1.0155301 3.3605897 -1.0269563 3 P 0 ;2,3=0,4=0.000000
L 3.3722244 2.5094173 3.4155 2.4661417 0 P 0
L 3.3722362 7.7605984 3.4155118 7.7173228 0 P 0
L 3.4155 2.3661417 3.4547756 2.4054173 0 P 0
L 3.4155 2.4661417 3.4597756 2.5104173 0 P 0
L 3.4155118 7.6173228 3.4547874 7.6565984 0 P 0
L 3.4155118 7.7173228 3.4597874 7.7615984 0 P 0
L 3.4377756 2.2884173 3.5155 2.3661417 0 P 0
L 3.4377874 7.5395984 3.5155118 7.6173228 0 P 0
L 3.445143 -0.9660169 3.445143 -1.0459998 3 P 0 ;2,3=0,4=0.000000
L 3.445143 -1.0459998 3.4908475 -1.0459998 3 P 0 ;2,3=0,4=0.000000
L 3.4547756 2.4054173 4.2730727 2.4054173 0 P 0
L 3.4547874 7.6565984 4.2730845 7.6565984 0 P 0
L 3.4597756 2.5104173 4.7712244 2.5104173 0 P 0
L 3.4597874 7.7615984 4.7712362 7.7615984 0 P 0
L 3.4760118 2.4266535 3.5155 2.4661417 0 P 0
L 3.4760236 7.6778346 3.5155118 7.7173228 0 P 0
L 3.480201 5.1228778 3.5827279 5.1228778 0 P 0
L 3.4960881 4.9620789 3.5150878 4.9810786 0 P 0
L 3.4998161 4.9530789 3.5188159 4.9720787 0 P 0
L 3.5 5.1030788 3.510799 5.1138778 0 P 0
L 3.5 5.1426768 3.510799 5.1318778 0 P 0
L 3.503544 4.9440788 3.5225439 4.9630787 0 P 0
L 3.510799 5.1138778 3.579 5.1138778 0 P 0
L 3.510799 5.1318778 3.5864558 5.1318778 0 P 0
L 3.5109999 4.9260787 3.5299999 4.9450787 0 P 0
L 3.5110336 -1.0193388 3.5491207 -1.0193388 3 P 0 ;2,3=0,4=0.000000
L 3.5150878 4.9810786 3.6457537 4.9810786 0 P 0
L 3.5155 2.3661417 3.5932244 2.2884173 0 P 0
L 3.5155 2.4661417 3.5672244 2.4144173 0 P 0
L 3.5155118 7.6173228 3.5932362 7.5395984 0 P 0
L 3.5155118 7.7173228 3.5672362 7.6655984 0 P 0
L 3.5188159 4.9720787 3.6494817 4.9720787 0 P 0
L 3.5206674 5.0327462 3.6806675 5.0327462 0 P 0
L 3.5225439 4.9630787 3.6532096 4.9630787 0 P 0
L 3.5299999 4.9450787 3.6532722 4.9450787 0 P 0
L 3.5300772 -0.9660169 3.4996075 -1.0459998 3 P 0 ;2,3=0,4=0.000000
L 3.5605468 -1.0459998 3.5300772 -0.9660169 3 P 0 ;2,3=0,4=0.000000
L 3.5672244 2.4144173 4.2693448 2.4144173 0 P 0
L 3.5672362 7.6655984 4.2693566 7.6655984 0 P 0
L 3.579 5.1138778 3.6007991 5.0920787 0 P 0
L 3.5792095 -0.9660169 3.6096792 -1.004104 3 P 0 ;2,3=0,4=0.000000
L 3.5827279 5.1228778 3.604527 5.1010787 0 P 0
L 3.5864558 5.1318778 3.5962548 5.1220788 0 P 0
L 3.5932244 2.2884173 4.8377756 2.2884173 0 P 0
L 3.5932362 7.5395984 4.8377874 7.5395984 0 P 0
L 3.5940712 5.0860787 3.5975712 5.0825787 0 P 0
L 3.5962548 5.1220788 3.7963317 5.1220788 0 P 0
L 3.5975712 5.0825787 3.8975 5.0825787 0 P 0
L 3.6007991 5.0920787 3.863 5.0920787 0 P 0
L 3.604527 5.1010787 3.799 5.1010787 0 P 0
L 3.6096792 -1.004104 3.6096792 -1.0459998 3 P 0 ;2,3=0,4=0.000000
L 3.6380001 4.9170787 3.7310002 5.0100788 0 P 0
L 3.6401488 -0.9660169 3.6096792 -1.004104 3 P 0 ;2,3=0,4=0.000000
L 3.641 1.7120788 3.761 1.5920788 0 P 0
L 3.641728 4.9080787 3.724728 4.9910787 0 P 0
L 3.6457537 4.9810786 3.7197539 5.0550788 0 P 0
L 3.6494817 4.9720787 3.7234818 5.0460788 0 P 0
L 3.6504323 -0.9660169 3.6504323 -1.0459998 3 P 0 ;2,3=0,4=0.000000
L 3.6504323 -1.004104 3.680902 -1.004104 3 P 0 ;2,3=0,4=0.000000
L 3.6504323 -1.0459998 3.6999455 -1.0459998 3 P 0 ;2,3=0,4=0.000000
L 3.6532096 4.9630787 3.7272097 5.0370788 0 P 0
L 3.6532722 4.9450787 3.7272723 5.0190788 0 P 0
L 3.656 1.7210788 3.761 1.6160788 0 P 0
L 3.6806675 5.0327462 3.721 5.0730787 0 P 0
L 3.6999455 -0.9660169 3.6504323 -0.9660169 3 P 0 ;2,3=0,4=0.000000
L 3.7060588 1.7300788 3.8810294 1.5551082 0 P 0
L 3.713276 -0.9660169 3.713276 -1.0459998 3 P 0 ;2,3=0,4=0.000000
L 3.713276 -0.9660169 3.7475544 -0.9660169 3 P 0 ;2,3=0,4=0.000000
L 3.7197539 5.0550788 3.9519999 5.0550788 0 P 0
L 3.721 5.0730787 3.934 5.0730787 0 P 0
L 3.7234818 5.0460788 3.9482717 5.0460788 0 P 0
L 3.724728 4.9910787 3.741 4.9910787 0 P 0
L 3.7272097 5.0370788 3.9445438 5.0370788 0 P 0
L 3.7272723 5.0190788 3.7346656 5.0190788 0 P 0
L 3.731 1.7390788 3.898 1.5720788 0 P 0
L 3.7310002 5.0100788 3.7889999 5.0100788 0 P 0
L 3.7346656 5.0190788 3.9297279 5.0190788 0 P 0
L 3.739937 -1.004104 3.7665979 -1.0459998 3 P 0 ;2,3=0,4=0.000000
L 3.7475544 -0.9660169 3.7589805 -0.9698256 3 P 0 ;2,3=0,4=0.000000
L 3.7475544 -1.004104 3.713276 -1.004104 3 P 0 ;2,3=0,4=0.000000
L 3.7589805 -0.9698256 3.7627892 -0.9736344 3 P 0 ;2,3=0,4=0.000000
L 3.7589805 -1.0002953 3.7475544 -1.004104 3 P 0 ;2,3=0,4=0.000000
L 3.7627892 -0.9736344 3.7665979 -0.9812518 3 P 0 ;2,3=0,4=0.000000
L 3.7627892 -0.9964866 3.7589805 -1.0002953 3 P 0 ;2,3=0,4=0.000000
L 3.7665979 -0.9812518 3.7665979 -0.9888692 3 P 0 ;2,3=0,4=0.000000
L 3.7665979 -0.9888692 3.7627892 -0.9964866 3 P 0 ;2,3=0,4=0.000000
L 3.7889999 5.0100788 3.797 5.0020787 0 P 0
L 3.7963317 5.1220788 3.7991658 5.1249129 0 P 0
L 3.799 5.1010787 3.807 5.1090787 0 P 0
L 3.7991658 5.1245788 3.7991658 5.1249129 0 P 0
L 3.807 5.1090787 3.827 5.1090787 0 P 0
L 3.8473425 -0.9812518 3.8549599 -0.9774431 3 P 0 ;2,3=0,4=0.000000
L 3.8549599 -0.9774431 3.866386 -0.9660169 3 P 0 ;2,3=0,4=0.000000
L 3.863 5.0920787 3.87 5.0990787 0 P 0
L 3.866386 -0.9660169 3.866386 -1.0459998 3 P 0 ;2,3=0,4=0.000000
L 3.8975 5.0825787 3.91 5.0950787 0 P 0
L 3.9297279 5.0190788 3.9468455 5.0019612 0 P 0
L 3.9445438 5.0370788 3.9460793 5.0355433 0 P 0
L 3.9460793 5.0355433 3.9589206 5.0355433 0 P 0
L 3.9468455 5.0019612 4.0121175 5.0019612 0 P 0
L 3.9482717 5.0460788 3.9498072 5.0445433 0 P 0
L 3.9498072 5.0445433 3.9551927 5.0445433 0 P 0
L 3.9519999 5.0550788 3.9525 5.0545788 0 P 0
L 3.9525 5.0545788 3.9909999 5.0930787 0 P 0
L 3.9551927 5.0445433 3.9827281 5.0720787 0 P 0
L 3.9589206 5.0355433 3.976456 5.0530787 0 P 0
L 3.9688403 -0.9964866 3.9688403 -1.0155301 3 P 0 ;2,3=0,4=0.000000
L 3.9688403 -1.0155301 3.972649 -1.0269563 3 P 0 ;2,3=0,4=0.000000
L 3.972649 -0.9850605 3.9688403 -0.9964866 3 P 0 ;2,3=0,4=0.000000
L 3.972649 -1.0269563 3.9764577 -1.0345737 3 P 0 ;2,3=0,4=0.000000
L 3.976456 5.0530787 4.115 5.0530787 0 P 0
L 3.9764577 -0.9774431 3.972649 -0.9850605 3 P 0 ;2,3=0,4=0.000000
L 3.9764577 -1.0345737 3.9840751 -1.0421911 3 P 0 ;2,3=0,4=0.000000
L 3.9827281 5.0720787 4.135 5.0720787 0 P 0
L 3.9840751 -0.9698256 3.9764577 -0.9774431 3 P 0 ;2,3=0,4=0.000000
L 3.9840751 -1.0421911 3.9916925 -1.0459998 3 P 0 ;2,3=0,4=0.000000
L 3.9846655 1.7510787 3.9891655 1.7555787 0 P 0
L 3.9891655 1.7555787 4.0028345 1.7555787 0 P 0
L 3.9909999 5.0930787 4.15 5.0930787 0 P 0
L 3.9916925 -0.9660169 3.9840751 -0.9698256 3 P 0 ;2,3=0,4=0.000000
L 3.9916925 -1.0459998 4.0069274 -1.0459998 3 P 0 ;2,3=0,4=0.000000
L 4.0028345 1.7555787 4.0073345 1.7510787 0 P 0
L 4.0069274 -0.9660169 3.9916925 -0.9660169 3 P 0 ;2,3=0,4=0.000000
L 4.0069274 -1.0155301 4.0259709 -1.0155301 3 P 0 ;2,3=0,4=0.000000
L 4.0069274 -1.0459998 4.0145448 -1.0421911 3 P 0 ;2,3=0,4=0.000000
L 4.0073345 1.7510787 4.074 1.7510787 0 P 0
L 4.0121175 5.0019612 4.021 4.9930787 0 P 0
L 4.0145448 -0.9698256 4.0069274 -0.9660169 3 P 0 ;2,3=0,4=0.000000
L 4.0145448 -1.0421911 4.0221622 -1.0345737 3 P 0 ;2,3=0,4=0.000000
L 4.0221622 -0.9774431 4.0145448 -0.9698256 3 P 0 ;2,3=0,4=0.000000
L 4.0221622 -1.0345737 4.0259709 -1.0269563 3 P 0 ;2,3=0,4=0.000000
L 4.0259709 -0.9850605 4.0221622 -0.9774431 3 P 0 ;2,3=0,4=0.000000
L 4.0259709 -1.0269563 4.0259709 -1.0155301 3 P 0 ;2,3=0,4=0.000000
L 4.0442527 -0.9660169 4.0442527 -1.0459998 3 P 0 ;2,3=0,4=0.000000
L 4.0442527 -1.004104 4.0747224 -1.004104 3 P 0 ;2,3=0,4=0.000000
L 4.0442527 -1.0459998 4.0937659 -1.0459998 3 P 0 ;2,3=0,4=0.000000
L 4.063 3.4600787 4.167 3.5640787 0 P 0
L 4.0937659 -0.9660169 4.0442527 -0.9660169 3 P 0 ;2,3=0,4=0.000000
L 4.1070964 -0.9660169 4.1070964 -1.0459998 3 P 0 ;2,3=0,4=0.000000
L 4.1070964 -0.9660169 4.1413748 -0.9660169 3 P 0 ;2,3=0,4=0.000000
L 4.1337574 -1.004104 4.1604183 -1.0459998 3 P 0 ;2,3=0,4=0.000000
L 4.1413748 -0.9660169 4.1528009 -0.9698256 3 P 0 ;2,3=0,4=0.000000
L 4.1413748 -1.004104 4.1070964 -1.004104 3 P 0 ;2,3=0,4=0.000000
L 4.15 5.0930787 4.154 5.0890787 0 P 0
L 4.1528009 -0.9698256 4.1566096 -0.9736344 3 P 0 ;2,3=0,4=0.000000
L 4.1528009 -1.0002953 4.1413748 -1.004104 3 P 0 ;2,3=0,4=0.000000
L 4.1566096 -0.9736344 4.1604183 -0.9812518 3 P 0 ;2,3=0,4=0.000000
L 4.1566096 -0.9964866 4.1528009 -1.0002953 3 P 0 ;2,3=0,4=0.000000
L 4.1604183 -0.9812518 4.1604183 -0.9888692 3 P 0 ;2,3=0,4=0.000000
L 4.1604183 -0.9888692 4.1566096 -0.9964866 3 P 0 ;2,3=0,4=0.000000
L 4.167 3.5640787 4.596 3.5640787 0 P 0
L 4.1783192 -0.9660169 4.1783192 -1.0459998 3 P 0 ;2,3=0,4=0.000000
L 4.1783192 -0.9660169 4.2125976 -0.9660169 3 P 0 ;2,3=0,4=0.000000
L 4.1783192 -1.004104 4.2125976 -1.004104 3 P 0 ;2,3=0,4=0.000000
L 4.2125976 -0.9660169 4.2240237 -0.9698256 3 P 0 ;2,3=0,4=0.000000
L 4.2125976 -1.004104 4.2240237 -1.0079127 3 P 0 ;2,3=0,4=0.000000
L 4.2125976 -1.0459998 4.1783192 -1.0459998 3 P 0 ;2,3=0,4=0.000000
L 4.2240237 -0.9698256 4.2278324 -0.9736344 3 P 0 ;2,3=0,4=0.000000
L 4.2240237 -1.0002953 4.2125976 -1.004104 3 P 0 ;2,3=0,4=0.000000
L 4.2240237 -1.0079127 4.2278324 -1.0117214 3 P 0 ;2,3=0,4=0.000000
L 4.2240237 -1.0421911 4.2125976 -1.0459998 3 P 0 ;2,3=0,4=0.000000
L 4.2278324 -0.9736344 4.2316411 -0.9812518 3 P 0 ;2,3=0,4=0.000000
L 4.2278324 -0.9964866 4.2240237 -1.0002953 3 P 0 ;2,3=0,4=0.000000
L 4.2278324 -1.0117214 4.2316411 -1.0193388 3 P 0 ;2,3=0,4=0.000000
L 4.2278324 -1.0383824 4.2240237 -1.0421911 3 P 0 ;2,3=0,4=0.000000
L 4.2316411 -0.9812518 4.2316411 -0.9888692 3 P 0 ;2,3=0,4=0.000000
L 4.2316411 -0.9888692 4.2278324 -0.9964866 3 P 0 ;2,3=0,4=0.000000
L 4.2316411 -1.0193388 4.2316411 -1.030765 3 P 0 ;2,3=0,4=0.000000
L 4.2316411 -1.030765 4.2278324 -1.0383824 3 P 0 ;2,3=0,4=0.000000
L 4.249542 -0.9660169 4.249542 -1.0459998 3 P 0 ;2,3=0,4=0.000000
L 4.249542 -1.004104 4.2800117 -1.004104 3 P 0 ;2,3=0,4=0.000000
L 4.249542 -1.0459998 4.2990552 -1.0459998 3 P 0 ;2,3=0,4=0.000000
L 4.2693448 2.4144173 4.2779078 2.4229803 0 P 0
L 4.2693566 7.6655984 4.2779196 7.6741614 0 P 0
L 4.2730727 2.4054173 4.2816357 2.4139803 0 P 0
L 4.2730845 7.6565984 4.2816475 7.6651614 0 P 0
L 4.2779078 2.4229803 4.3708151 2.4229803 0 P 0
L 4.2779196 7.6741614 4.3708269 7.6741614 0 P 0
L 4.2816357 2.4139803 4.3277895 2.4139803 0 P 0
L 4.2816475 7.6651614 4.3278013 7.6651614 0 P 0
L 4.2990552 -0.9660169 4.249542 -0.9660169 3 P 0 ;2,3=0,4=0.000000
L 4.3123857 -0.9660169 4.3123857 -1.0459998 3 P 0 ;2,3=0,4=0.000000
L 4.3123857 -0.9660169 4.3466641 -0.9660169 3 P 0 ;2,3=0,4=0.000000
L 4.3277895 2.4139803 4.3363525 2.4054173 0 P 0
L 4.3278013 7.6651614 4.3363643 7.6565984 0 P 0
L 4.3363525 2.4054173 4.3999211 2.4054173 0 P 0
L 4.3363643 7.6565984 4.3999329 7.6565984 0 P 0
L 4.3390467 -1.004104 4.3657076 -1.0459998 3 P 0 ;2,3=0,4=0.000000
L 4.344 8.8010787 5.745 8.8010787 0 P 0
L 4.3466641 -0.9660169 4.3580902 -0.9698256 3 P 0 ;2,3=0,4=0.000000
L 4.3466641 -1.004104 4.3123857 -1.004104 3 P 0 ;2,3=0,4=0.000000
L 4.3580902 -0.9698256 4.3618989 -0.9736344 3 P 0 ;2,3=0,4=0.000000
L 4.3580902 -1.0002953 4.3466641 -1.004104 3 P 0 ;2,3=0,4=0.000000
L 4.3618989 -0.9736344 4.3657076 -0.9812518 3 P 0 ;2,3=0,4=0.000000
L 4.3618989 -0.9964866 4.3580902 -1.0002953 3 P 0 ;2,3=0,4=0.000000
L 4.3657076 -0.9812518 4.3657076 -0.9888692 3 P 0 ;2,3=0,4=0.000000
L 4.3657076 -0.9888692 4.3618989 -0.9964866 3 P 0 ;2,3=0,4=0.000000
L 4.3708151 2.4229803 4.4031537 2.4553189 0 P 0
L 4.3708269 7.6741614 4.4031655 7.7065 0 P 0
L 4.3999211 2.4054173 4.4139211 2.4194173 0 P 0
L 4.3999329 7.6565984 4.4139329 7.6705984 0 P 0
L 4.4031537 2.4553189 4.7390507 2.4553189 0 P 0
L 4.4031655 7.7065 4.7390625 7.7065 0 P 0
L 4.4139211 2.4194173 4.7622244 2.4194173 0 P 0
L 4.4139329 7.6705984 4.7622362 7.6705984 0 P 0
L 4.4464522 -0.9660169 4.4464522 -1.0459998 3 P 0 ;2,3=0,4=0.000000
L 4.4464522 -0.9660169 4.4731132 -0.9660169 3 P 0 ;2,3=0,4=0.000000
L 4.452 3.2640787 4.6 3.4120787 0 P 0
L 4.4731132 -0.9660169 4.4845393 -0.9698256 3 P 0 ;2,3=0,4=0.000000
L 4.4731132 -1.0459998 4.4464522 -1.0459998 3 P 0 ;2,3=0,4=0.000000
L 4.481 5.0070787 4.505 5.0310787 0 P 0
L 4.4845393 -0.9698256 4.4921567 -0.9774431 3 P 0 ;2,3=0,4=0.000000
L 4.4845393 -1.0421911 4.4731132 -1.0459998 3 P 0 ;2,3=0,4=0.000000
L 4.4921567 -0.9774431 4.4959654 -0.9850605 3 P 0 ;2,3=0,4=0.000000
L 4.4921567 -1.0345737 4.4845393 -1.0421911 3 P 0 ;2,3=0,4=0.000000
L 4.4959654 -0.9850605 4.4997741 -0.9964866 3 P 0 ;2,3=0,4=0.000000
L 4.4959654 -1.0269563 4.4921567 -1.0345737 3 P 0 ;2,3=0,4=0.000000
L 4.4997741 -0.9964866 4.4997741 -1.0155301 3 P 0 ;2,3=0,4=0.000000
L 4.4997741 -1.0155301 4.4959654 -1.0269563 3 P 0 ;2,3=0,4=0.000000
L 4.5009882 1.4608189 4.5009882 1.8655669 2 P 0
L 4.5009882 1.8655669 4.5999882 1.9645669 2 P 0
L 4.505 5.0310787 4.577 5.0310787 0 P 0
L 4.5291011 -1.0193388 4.5671882 -1.0193388 3 P 0 ;2,3=0,4=0.000000
L 4.533 4.9590788 4.533 5.0040787 0 P 0
L 4.533 4.9590788 4.565 4.9270788 0 P 0
L 4.5481447 -0.9660169 4.517675 -1.0459998 3 P 0 ;2,3=0,4=0.000000
L 4.565 4.9270788 7.014 4.9270788 0 P 0
L 4.577 5.0310787 4.6612009 4.9468778 0 P 0
L 4.5786143 -1.0459998 4.5481447 -0.9660169 3 P 0 ;2,3=0,4=0.000000
L 4.596 3.5640787 4.717 3.4430787 0 P 0
L 4.597277 -0.9660169 4.6505989 -0.9660169 3 P 0 ;2,3=0,4=0.000000
L 4.6 3.4120787 4.928 3.4120787 0 P 0
L 4.623938 -0.9660169 4.623938 -1.0459998 3 P 0 ;2,3=0,4=0.000000
L 4.6612009 4.9468778 6.983 4.9468778 0 P 0
L 4.6715468 -1.0193388 4.7096339 -1.0193388 3 P 0 ;2,3=0,4=0.000000
L 4.6905904 -0.9660169 4.6601207 -1.0459998 3 P 0 ;2,3=0,4=0.000000
L 4.717 3.4430787 5.515 3.4430787 0 P 0
L 4.72106 -1.0459998 4.6905904 -0.9660169 3 P 0 ;2,3=0,4=0.000000
L 4.7390507 2.4553189 4.7779523 2.4164173 0 P 0
L 4.7390625 7.7065 4.7779641 7.6675984 0 P 0
L 4.7622244 2.4194173 4.8155 2.3661417 0 P 0
L 4.7622362 7.6705984 4.8155118 7.6173228 0 P 0
L 4.7712244 2.5104173 4.8155 2.4661417 0 P 0
L 4.7712362 7.7615984 4.8155118 7.7173228 0 P 0
L 4.7779523 2.4164173 4.8657756 2.4164173 0 P 0
L 4.7779641 7.6675984 4.8657874 7.6675984 0 P 0
L 4.8155 2.3661417 4.8547756 2.4054173 0 P 0
L 4.8155 2.4661417 4.8627756 2.5134173 0 P 0
L 4.8155118 7.6173228 4.8547874 7.6565984 0 P 0
L 4.8155118 7.7173228 4.8627874 7.7645984 0 P 0
L 4.8377756 2.2884173 4.9155 2.3661417 0 P 0
L 4.8377874 7.5395984 4.9155118 7.6173228 0 P 0
L 4.8547756 2.4054173 5.6730727 2.4054173 0 P 0
L 4.8547874 7.6565984 5.0454803 7.6565984 0 P 0
L 4.8627756 2.5134173 6.1682244 2.5134173 0 P 0
L 4.8627874 7.7645984 6.1682362 7.7645984 0 P 0
L 4.8657756 2.4164173 4.9155 2.4661417 0 P 0
L 4.8657874 7.6675984 4.9155118 7.7173228 0 P 0
L 4.9155 2.3661417 4.9952244 2.2864173 0 P 0
L 4.9155 2.4661417 4.9672244 2.4144173 0 P 0
L 4.9155118 7.6173228 4.9952362 7.5375984 0 P 0
L 4.9155118 7.7173228 4.9586732 7.6741614 0 P 0
L 4.928 3.4120787 5.0047598 3.3353189 0 P 0
L 4.9586732 7.6741614 5.7708269 7.6741614 0 P 0
L 4.9672244 2.4144173 5.6693448 2.4144173 0 P 0
L 4.9952244 2.2864173 6.2357756 2.2864173 0 P 0
L 4.9952362 7.5375984 6.2357874 7.5375984 0 P 0
L 5.0047598 3.3353189 5.9718227 3.3353189 0 P 0
L 5.0454803 7.6565984 5.065 7.6370787 0 P 0
L 5.065 7.5780787 5.065 7.6370787 0 P 0
L 5.065 7.5780787 5.083 7.5600787 0 P 0
L 5.083 7.5600787 5.3719905 7.5600787 0 P 0
L 5.3719905 7.5600787 5.4770732 7.6651614 0 P 0
L 5.4770732 7.6651614 5.8084959 7.6651614 0 P 0
L 5.515 3.4430787 5.619 3.5470787 0 P 0
L 5.619 3.5470787 5.741 3.5470787 0 P 0
L 5.6693448 2.4144173 5.6779078 2.4229803 0 P 0
L 5.6730727 2.4054173 5.6816357 2.4139803 0 P 0
L 5.6779078 2.4229803 5.7708151 2.4229803 0 P 0
L 5.6816357 2.4139803 5.7277895 2.4139803 0 P 0
L 5.7277895 2.4139803 5.7363525 2.4054173 0 P 0
L 5.7363525 2.4054173 5.7999211 2.4054173 0 P 0
L 5.741 3.5470787 5.743 3.5470787 0 P 0
L 5.743 3.5470787 5.873 3.4170787 0 P 0
L 5.745 8.8010787 7.2 8.8010787 0 P 0
L 5.7708151 2.4229803 5.8031537 2.4553189 0 P 0
L 5.7708269 7.6741614 5.8031655 7.7065 0 P 0
L 5.7999211 2.4054173 5.8129211 2.4184173 0 P 0
L 5.8031537 2.4553189 6.1390507 2.4553189 0 P 0
L 5.8031655 7.7065 6.1390625 7.7065 0 P 0
L 5.8084959 7.6651614 5.8129329 7.6695984 0 P 0
L 5.8129211 2.4184173 6.1632244 2.4184173 0 P 0
L 5.8129329 7.6695984 6.1632362 7.6695984 0 P 0
L 5.873 3.4170787 6.128 3.4170787 0 P 0
L 5.9009882 1.4608189 5.9009882 1.8655669 2 P 0
L 5.9009882 1.8655669 5.9999882 1.9645669 2 P 0
L 5.9718227 3.3353189 5.9730629 3.3340787 0 P 0
L 5.9730629 3.3340787 6.13 3.3340787 0 P 0
L 6.104 8.5320787 7.493 8.5320787 0 P 0
L 6.128 3.4170787 6.167 3.4560787 0 P 0
L 6.13 3.3340787 6.203 3.4070787 0 P 0
L 6.1390507 2.4553189 6.1799523 2.4144173 0 P 0
L 6.1390625 7.7065 6.1799641 7.6655984 0 P 0
L 6.1632244 2.4184173 6.2155 2.3661417 0 P 0
L 6.1632362 7.6695984 6.2155118 7.6173228 0 P 0
L 6.167 3.4560787 6.898 3.4560787 0 P 0
L 6.1682244 2.5134173 6.2155 2.4661417 0 P 0
L 6.1682362 7.7645984 6.2155118 7.7173228 0 P 0
L 6.1799523 2.4144173 6.2510477 2.4144173 0 P 0
L 6.1799641 7.6655984 6.2510595 7.6655984 0 P 0
L 6.203 3.4070787 6.379 3.4070787 0 P 0
L 6.2155 2.3661417 6.2557756 2.4064173 0 P 0
L 6.2155 2.4661417 6.2155 2.4839291 0 P 0
L 6.2155 2.4839291 6.2439882 2.5124173 0 P 0
L 6.2155118 7.6173228 6.2557874 7.6575984 0 P 0
L 6.2155118 7.7173228 6.2155118 7.7351102 0 P 0
L 6.2155118 7.7351102 6.244 7.7635984 0 P 0
L 6.2357756 2.2864173 6.3155 2.3661417 0 P 0
L 6.2357874 7.5375984 6.3155118 7.6173228 0 P 0
L 6.2439882 2.5124173 7.5692244 2.5124173 0 P 0
L 6.244 7.7635984 7.5692362 7.7635984 0 P 0
L 6.2510477 2.4144173 6.2520477 2.4154173 0 P 0
L 6.2510595 7.6655984 6.2520595 7.6665984 0 P 0
L 6.2520477 2.4154173 6.2647756 2.4154173 0 P 0
L 6.2520595 7.6665984 6.2647874 7.6665984 0 P 0
L 6.2557756 2.4064173 7.0740727 2.4064173 0 P 0
L 6.2557874 7.6575984 7.0740845 7.6575984 0 P 0
L 6.2647756 2.4154173 6.3155 2.4661417 0 P 0
L 6.2647874 7.6665984 6.3155118 7.7173228 0 P 0
L 6.3155 2.3661417 6.3919882 2.2896535 0 P 0
L 6.3155 2.4661417 6.3662244 2.4154173 0 P 0
L 6.3155118 7.6173228 6.392 7.5408346 0 P 0
L 6.3155118 7.7173228 6.3586732 7.6741614 0 P 0
L 6.3586732 7.6741614 6.5617116 7.6741614 0 P 0
L 6.3662244 2.4154173 7.0703448 2.4154173 0 P 0
L 6.379 3.4070787 6.432 3.3540787 0 P 0
L 6.3919882 2.2896535 7.6390118 2.2896535 0 P 0
L 6.392 7.5408346 7.6390236 7.5408346 0 P 0
L 6.432 3.3540787 7.44 3.3540787 0 P 0
L 6.5617116 7.6741614 6.5895502 7.702 0 P 0
L 6.5895502 7.702 6.9399499 7.702 0 P 0
L 6.898 3.4560787 6.995 3.5530787 0 P 0
L 6.9399499 7.702 6.9677885 7.6741614 0 P 0
L 6.9677885 7.6741614 7.1708269 7.6741614 0 P 0
L 6.983 4.9468778 7.05 5.0138778 0 P 0
L 6.995 3.5530787 7.143 3.5530787 0 P 0
L 7.014 4.9270788 7.081 4.9940788 0 P 0
L 7.05 5.0138778 7.05 5.0180787 0 P 0
L 7.0703448 2.4154173 7.0779078 2.4229803 0 P 0
L 7.0740727 2.4064173 7.0816357 2.4139803 0 P 0
L 7.0740845 7.6575984 7.0816475 7.6651614 0 P 0
L 7.0779078 2.4229803 7.1708151 2.4229803 0 P 0
L 7.081 4.9940788 7.081 5.0020787 0 P 0
L 7.0816357 2.4139803 7.1277895 2.4139803 0 P 0
L 7.0816475 7.6651614 7.1278013 7.6651614 0 P 0
L 7.1277895 2.4139803 7.1353525 2.4064173 0 P 0
L 7.1278013 7.6651614 7.1353643 7.6575984 0 P 0
L 7.1353525 2.4064173 7.2009211 2.4064173 0 P 0
L 7.1353643 7.6575984 7.2009329 7.6575984 0 P 0
L 7.1708151 2.4229803 7.2031537 2.4553189 0 P 0
L 7.1708269 7.6741614 7.2031655 7.7065 0 P 0
L 7.2009211 2.4064173 7.2139211 2.4194173 0 P 0
L 7.2009329 7.6575984 7.2139329 7.6705984 0 P 0
L 7.2031537 2.4553189 7.5390507 2.4553189 0 P 0
L 7.2031655 7.7065 7.5390625 7.7065 0 P 0
L 7.2139211 2.4194173 7.5622244 2.4194173 0 P 0
L 7.2139329 7.6705984 7.5622362 7.6705984 0 P 0
L 7.3009882 1.4608189 7.3009882 1.8655669 2 P 0
L 7.3009882 1.8655669 7.3999882 1.9645669 2 P 0
L 7.5390507 2.4553189 7.5789523 2.4154173 0 P 0
L 7.5390625 7.7065 7.5789641 7.6665984 0 P 0
L 7.5622244 2.4194173 7.6155 2.3661417 0 P 0
L 7.5622362 7.6705984 7.6155118 7.6173228 0 P 0
L 7.5692244 2.5124173 7.6155 2.4661417 0 P 0
L 7.5692362 7.7635984 7.6155118 7.7173228 0 P 0
L 7.5789523 2.4154173 7.6647756 2.4154173 0 P 0
L 7.5789641 7.6665984 7.6647874 7.6665984 0 P 0
L 7.6155118 7.6173228 7.6432441 7.6173228 0 P 0
L 7.6155118 7.7173228 7.6155118 7.7195905 0 P 0
L 7.6155118 7.7195905 7.673 7.7770787 0 P 0
L 7.6390118 2.2896535 7.7155 2.3661417 0 P 0
L 7.6390236 7.5408346 7.7155118 7.6173228 0 P 0
L 7.6432441 7.6173228 7.694 7.6680787 0 P 0
L 7.6647756 2.4154173 7.7155 2.4661417 0 P 0
L 7.6647874 7.6665984 7.7155118 7.7173228 0 P 0
L 7.673 7.7770787 8.136 7.7770787 0 P 0
L 7.694 7.6680787 8.209 7.6680787 0 P 0
L 7.7155118 7.6173228 7.7597559 7.5730787 0 P 0
L 7.7155118 7.7173228 7.7582677 7.7600787 0 P 0
L 7.7582677 7.7600787 8.173 7.7600787 0 P 0
L 7.7597559 7.5730787 8.241 7.5730787 0 P 0
L 8.136 7.7770787 8.139 7.7800787 0 P 0
L 8.241 7.5730787 8.242 7.5740787 0 P 0
P 0.6155 2.3661417 5 P 0 0 ;0=2,1=0
P 0.6155 2.4661417 5 P 0 0 ;0=2,1=0
P 0.6155118 7.6173228 5 P 0 0 ;0=2,1=0
P 0.6155118 7.7173228 5 P 0 0 ;0=2,1=0
P 0.7155 2.3661417 5 P 0 0 ;0=2,1=0
P 0.7155 2.4661417 5 P 0 0 ;0=2,1=0
P 0.7155118 7.6173228 5 P 0 0 ;0=2,1=0
P 0.7155118 7.7173228 5 P 0 0 ;0=2,1=0
P 2.0155 2.3661417 5 P 0 0 ;0=2,1=0
P 2.0155 2.4661417 5 P 0 0 ;0=2,1=0
P 2.0155118 7.6173228 5 P 0 0 ;0=2,1=0
P 2.0155118 7.7173228 5 P 0 0 ;0=2,1=0
P 2.1155 2.3661417 5 P 0 0 ;0=2,1=0
P 2.1155 2.4661417 5 P 0 0 ;0=2,1=0
P 2.1155118 7.6173228 5 P 0 0 ;0=2,1=0
P 2.1155118 7.7173228 5 P 0 0 ;0=2,1=0
P 3.4155 2.3661417 5 P 0 0 ;0=2,1=0
P 3.4155 2.4661417 5 P 0 0 ;0=2,1=0
P 3.4155118 7.6173228 5 P 0 0 ;0=2,1=0
P 3.4155118 7.7173228 5 P 0 0 ;0=2,1=0
P 3.5155 2.3661417 5 P 0 0 ;0=2,1=0
P 3.5155 2.4661417 5 P 0 0 ;0=2,1=0
P 3.5155118 7.6173228 5 P 0 0 ;0=2,1=0
P 3.5155118 7.7173228 5 P 0 0 ;0=2,1=0
P 4.5009882 1.4608189 6 P 0 0 ;0=3,1=0
P 4.5999882 1.9645669 4 P 0 0 ;0=1,1=0
P 4.8155 2.3661417 5 P 0 0 ;0=2,1=0
P 4.8155 2.4661417 5 P 0 0 ;0=2,1=0
P 4.8155118 7.6173228 5 P 0 0 ;0=2,1=0
P 4.8155118 7.7173228 5 P 0 0 ;0=2,1=0
P 4.9155 2.3661417 5 P 0 0 ;0=2,1=0
P 4.9155 2.4661417 5 P 0 0 ;0=2,1=0
P 4.9155118 7.6173228 5 P 0 0 ;0=2,1=0
P 4.9155118 7.7173228 5 P 0 0 ;0=2,1=0
P 5.9009882 1.4608189 6 P 0 0 ;0=3,1=0
P 5.9999882 1.9645669 4 P 0 0 ;0=1,1=0
P 6.2155 2.3661417 5 P 0 0 ;0=2,1=0
P 6.2155 2.4661417 5 P 0 0 ;0=2,1=0
P 6.2155118 7.6173228 5 P 0 0 ;0=2,1=0
P 6.2155118 7.7173228 5 P 0 0 ;0=2,1=0
P 6.3155 2.3661417 5 P 0 0 ;0=2,1=0
P 6.3155 2.4661417 5 P 0 0 ;0=2,1=0
P 6.3155118 7.6173228 5 P 0 0 ;0=2,1=0
P 6.3155118 7.7173228 5 P 0 0 ;0=2,1=0
P 7.3009882 1.4608189 6 P 0 0 ;0=3,1=0
P 7.3999882 1.9645669 4 P 0 0 ;0=1,1=0
P 7.6155 2.3661417 5 P 0 0 ;0=2,1=0
P 7.6155 2.4661417 5 P 0 0 ;0=2,1=0
P 7.6155118 7.6173228 5 P 0 0 ;0=2,1=0
P 7.6155118 7.7173228 5 P 0 0 ;0=2,1=0
P 7.7155 2.3661417 5 P 0 0 ;0=2,1=0
P 7.7155 2.4661417 5 P 0 0 ;0=2,1=0
P 7.7155118 7.6173228 5 P 0 0 ;0=2,1=0
P 7.7155118 7.7173228 5 P 0 0 ;0=2,1=0
P 0.144 8.8010787 7 P 0 0 ;0=4,1=1
P 0.189 3.4810787 7 P 0 0 ;0=4,1=1
P 0.338 4.9780787 7 P 0 0 ;0=4,1=1
P 0.3779528 5.1838582 7 P 0 0 ;0=4,1=1
P 0.417 5.0940787 7 P 0 0 ;0=4,1=1
P 0.481 1.7000787 7 P 0 0 ;0=4,1=1
P 0.483 3.2780787 7 P 0 0 ;0=4,1=1
P 0.501 1.6730787 7 P 0 0 ;0=4,1=1
P 0.521 1.7760787 7 P 0 0 ;0=4,1=1
P 0.534 8.5330787 7 P 0 0 ;0=4,1=1
P 0.548 1.4050787 7 P 0 0 ;0=4,1=1
P 0.565 1.5130787 7 P 0 0 ;0=4,1=1
P 1.134 5.1940787 7 P 0 0 ;0=4,1=1
P 1.151 5.0100787 7 P 0 0 ;0=4,1=1
P 1.438 4.9840787 7 P 0 0 ;0=4,1=1
P 1.542 3.4350787 7 P 0 0 ;0=4,1=1
P 1.544 8.8030787 7 P 0 0 ;0=4,1=1
P 1.548 4.9830787 7 P 0 0 ;0=4,1=1
P 1.5787402 5.1956693 7 P 0 0 ;0=4,1=1
P 1.621 5.1130787 7 P 0 0 ;0=4,1=1
P 1.838 3.4180787 7 P 0 0 ;0=4,1=1
P 1.872 1.7280787 7 P 0 0 ;0=4,1=1
P 1.88 7.5405984 7 P 0 0 ;0=4,1=1
P 1.911 8.5320787 7 P 0 0 ;0=4,1=1
P 1.912 1.6630787 7 P 0 0 ;0=4,1=1
P 1.931 1.7510787 7 P 0 0 ;0=4,1=1
P 1.947 1.3750787 7 P 0 0 ;0=4,1=1
P 1.964 1.5330787 7 P 0 0 ;0=4,1=1
P 2.492 1.6620788 7 P 0 0 ;0=4,1=1
P 2.511799 1.6818778 7 P 0 0 ;0=4,1=1
P 2.539 1.6100788 7 P 0 0 ;0=4,1=1
P 2.542 5.1740787 7 P 0 0 ;0=4,1=1
P 2.558 5.0330787 7 P 0 0 ;0=4,1=1
P 2.567 1.6100788 7 P 0 0 ;0=4,1=1
P 2.7250294 5.0140494 7 P 0 0 ;0=4,1=1
P 2.7318777 5.2031375 7 P 0 0 ;0=4,1=1
P 2.733 2.4700787 7 P 0 0 ;0=4,1=1
P 2.742 4.9970788 7 P 0 0 ;0=4,1=1
P 2.782 2.2870787 7 P 0 0 ;0=4,1=1
P 2.817 2.5100787 7 P 0 0 ;0=4,1=1
P 2.86 5.0170787 7 P 0 0 ;0=4,1=1
P 2.939 8.8010787 7 P 0 0 ;0=4,1=1
P 2.942 3.4350787 7 P 0 0 ;0=4,1=1
P 2.945 5.2040787 7 P 0 0 ;0=4,1=1
P 2.948 5.1770787 7 P 0 0 ;0=4,1=1
P 2.978 5.2050787 7 P 0 0 ;0=4,1=1
P 3.062 4.9780787 7 P 0 0 ;0=4,1=1
P 3.13 5.2020787 7 P 0 0 ;0=4,1=1
P 3.175 5.0050787 7 P 0 0 ;0=4,1=1
P 3.234 3.3440787 7 P 0 0 ;0=4,1=1
P 3.306 8.5310787 7 P 0 0 ;0=4,1=1
P 3.480201 5.1228778 7 P 0 0 ;0=4,1=1
P 3.5 5.1030788 7 P 0 0 ;0=4,1=1
P 3.5 5.1426768 7 P 0 0 ;0=4,1=1
P 3.5206674 5.0327462 7 P 0 0 ;0=4,1=1
P 3.537638 5.0497168 7 P 0 0 ;0=4,1=1
P 3.5546086 5.0666874 7 P 0 0 ;0=4,1=1
P 3.741 4.9910787 7 P 0 0 ;0=4,1=1
P 3.761 1.5920788 7 P 0 0 ;0=4,1=1
P 3.761 1.6160788 7 P 0 0 ;0=4,1=1
P 3.797 5.0020787 7 P 0 0 ;0=4,1=1
P 3.7991658 5.1245788 7 P 0 0 ;0=4,1=1
P 3.827 5.1090787 7 P 0 0 ;0=4,1=1
P 3.87 5.0990787 7 P 0 0 ;0=4,1=1
P 3.8810294 1.5551082 7 P 0 0 ;0=4,1=1
P 3.898 1.5720788 7 P 0 0 ;0=4,1=1
P 3.91 5.0950787 7 P 0 0 ;0=4,1=1
P 3.934 5.0730787 7 P 0 0 ;0=4,1=1
P 4.021 4.9930787 7 P 0 0 ;0=4,1=1
P 4.074 1.7510787 7 P 0 0 ;0=4,1=1
P 4.089 1.7760787 7 P 0 0 ;0=4,1=1
P 4.115 5.0530787 7 P 0 0 ;0=4,1=1
P 4.135 5.0720787 7 P 0 0 ;0=4,1=1
P 4.154 5.0890787 7 P 0 0 ;0=4,1=1
P 4.344 8.8010787 7 P 0 0 ;0=4,1=1
P 4.481 5.0070787 7 P 0 0 ;0=4,1=1
P 4.533 5.0040787 7 P 0 0 ;0=4,1=1
P 4.572 3.5660787 7 P 0 0 ;0=4,1=1
P 4.639 3.4140787 7 P 0 0 ;0=4,1=1
P 4.705 8.5330787 7 P 0 0 ;0=4,1=1
P 5.287 7.5590787 7 P 0 0 ;0=4,1=1
P 5.463 7.5360787 7 P 0 0 ;0=4,1=1
P 5.51 7.7660787 7 P 0 0 ;0=4,1=1
P 5.741 3.5470787 7 P 0 0 ;0=4,1=1
P 5.745 8.8010787 7 P 0 0 ;0=4,1=1
P 6.037 3.3320787 7 P 0 0 ;0=4,1=1
P 6.104 8.5320787 7 P 0 0 ;0=4,1=1
P 6.796 7.702 7 P 0 0 ;0=4,1=1
P 7.05 5.0180787 7 P 0 0 ;0=4,1=1
P 7.081 5.0020787 7 P 0 0 ;0=4,1=1
P 7.143 3.5530787 7 P 0 0 ;0=4,1=1
P 7.2 8.8010787 7 P 0 0 ;0=4,1=1
P 7.44 3.3540787 7 P 0 0 ;0=4,1=1
P 7.493 8.5320787 7 P 0 0 ;0=4,1=1
P 8.139 7.7800787 7 P 0 0 ;0=4,1=1
P 8.173 7.7600787 7 P 0 0 ;0=4,1=1
P 8.209 7.6680787 7 P 0 0 ;0=4,1=1
P 8.242 7.5740787 7 P 0 0 ;0=4,1=1
