#Layer_Color=16711935
#
#Feature symbol names
#
$0 r3.937

#
#Feature attribute names
#

#
#Layer features
#
A 29.3340317 32.6741383 29.3340317 32.6741383 29.3143467 32.6741383 0 P 0 N
A 29.9189451 32.8074297 29.9189451 32.8074297 29.8992601 32.8074297 0 P 0 N
A 29.96526 32.5087998 29.96526 32.5087998 29.945575 32.5087998 0 P 0 N
A 29.9723608 30.5518167 29.9723608 30.5518167 29.9526758 30.5518167 0 P 0 N
A 31.0109686 32.3441936 31.0109686 32.3441936 30.9912836 32.3441936 0 P 0 N
A 31.5568742 33.2737998 31.5568742 33.2737998 31.5371892 33.2737998 0 P 0 N
A 31.6509686 32.3441936 31.6509686 32.3441936 31.6312836 32.3441936 0 P 0 N
A 32.9619026 32.5064702 32.9619026 32.3451452 32.8988821 32.4258077 0 P 0 N
A 32.9964663 30.4818066 32.9964663 30.4818066 32.9767813 30.4818066 0 P 0 N
L 29.2769451 32.5894927 29.2769451 32.7115399 0 P 0
L 29.2769451 32.5894927 29.3989923 32.5894927 0 P 0
L 29.2769451 32.7115399 29.3989923 32.7115399 0 P 0
L 29.3989923 32.5894927 29.3989923 32.7115399 0 P 0
L 29.8618585 32.7227841 29.8618585 32.8448313 0 P 0
L 29.8618585 32.7227841 29.9839057 32.7227841 0 P 0
L 29.8618585 32.8448313 29.9839057 32.8448313 0 P 0
L 29.9042733 30.5647863 29.9830135 30.4284041 0 P 0
L 29.9042733 30.5647863 30.0747507 30.6632113 0 P 0
L 29.9101419 32.3473825 29.9101419 32.5442329 0 P 0
L 29.9101419 32.3473825 30.0676223 32.3473825 0 P 0
L 29.9101419 32.5442329 30.0676223 32.5442329 0 P 0
L 29.9830135 30.4284041 30.1534909 30.5268293 0 P 0
L 29.9839057 32.7227841 29.9839057 32.8448313 0 P 0
L 30.0676223 32.3473825 30.0676223 32.5442329 0 P 0
L 30.0747507 30.6632113 30.1534909 30.5268293 0 P 0
L 30.9558506 32.3087605 30.9558506 32.552855 0 P 0
L 30.9558506 32.3087605 31.4519135 32.3087605 0 P 0
L 30.9558506 32.552855 31.4519135 32.552855 0 P 0
L 31.4151419 33.1123825 31.4151419 33.3092329 0 P 0
L 31.4151419 33.1123825 31.5726223 33.1123825 0 P 0
L 31.4151419 33.3092329 31.5726223 33.3092329 0 P 0
L 31.4519135 32.3087605 31.4519135 32.552855 0 P 0
L 31.5726223 33.1123825 31.5726223 33.3092329 0 P 0
L 31.5958506 32.3087605 31.5958506 32.552855 0 P 0
L 31.5958506 32.3087605 32.0919135 32.3087605 0 P 0
L 31.5958506 32.552855 32.0919135 32.552855 0 P 0
L 32.0919135 32.3087605 32.0919135 32.552855 0 P 0
L 32.8192733 30.5318293 32.8980135 30.6682113 0 P 0
L 32.8192733 30.5318293 32.9897507 30.4334041 0 P 0
L 32.8980135 30.6682113 33.0684909 30.5697863 0 P 0
L 32.9618742 32.3451452 32.9618742 32.5064702 0 P 0
L 32.9897507 30.4334041 33.0684909 30.5697863 0 P 0
