#Layer_Color=32768
#
#Feature symbol names
#
$0 r8
$1 r2
$2 r6
$3 r7
$4 r4
$5 rect25x68

#
#Feature attribute names
#

#
#Layer features
#
A 0.3299882 2.5618189 0.3299882 2.5618189 0.3239882 2.5618189 0 P 0 N
A 0.33 7.813 0.33 7.813 0.324 7.813 0 P 0 N
A 1.7299882 2.5618189 1.7299882 2.5618189 1.7239882 2.5618189 0 P 0 N
A 1.73 7.813 1.73 7.813 1.724 7.813 0 P 0 N
A 3.1299882 2.5618189 3.1299882 2.5618189 3.1239882 2.5618189 0 P 0 N
A 3.13 7.813 3.13 7.813 3.124 7.813 0 P 0 N
A 4.5299882 2.5618189 4.5299882 2.5618189 4.5239882 2.5618189 0 P 0 N
A 4.53 7.813 4.53 7.813 4.524 7.813 0 P 0 N
A 5.9299882 2.5618189 5.9299882 2.5618189 5.9239882 2.5618189 0 P 0 N
A 5.93 7.813 5.93 7.813 5.924 7.813 0 P 0 N
A 7.3299882 2.5618189 7.3299882 2.5618189 7.3239882 2.5618189 0 P 0 N
A 7.33 7.813 7.33 7.813 7.324 7.813 0 P 0 N
L 0.1979882 2.5528189 0.1979882 2.5708189 1 P 0
L 0.1979882 2.5528189 0.2199882 2.5528189 1 P 0
L 0.1979882 2.5708189 0.2199882 2.5708189 1 P 0
L 0.1979882 2.6268189 0.1979882 2.6448189 1 P 0
L 0.1979882 2.6268189 0.2199882 2.6268189 1 P 0
L 0.1979882 2.6448189 0.2199882 2.6448189 1 P 0
L 0.198 7.804 0.198 7.822 1 P 0
L 0.198 7.804 0.22 7.804 1 P 0
L 0.198 7.822 0.22 7.822 1 P 0
L 0.198 7.878 0.198 7.896 1 P 0
L 0.198 7.878 0.22 7.878 1 P 0
L 0.198 7.896 0.22 7.896 1 P 0
L 0.2049882 2.5528189 0.2049882 2.5708189 1 P 0
L 0.2049882 2.6268189 0.2049882 2.6448189 1 P 0
L 0.205 7.804 0.205 7.822 1 P 0
L 0.205 7.878 0.205 7.896 1 P 0
L 0.2099882 2.4638189 0.2099882 2.5138189 2 P 0
L 0.2099882 2.4638189 0.2899882 2.4638189 2 P 0
L 0.2099882 2.5138189 0.2899882 2.5138189 2 P 0
L 0.21 7.715 0.21 7.765 2 P 0
L 0.21 7.715 0.29 7.715 2 P 0
L 0.21 7.765 0.29 7.765 2 P 0
L 0.2109882 2.5578189 0.2109882 2.5658189 1 P 0
L 0.2109882 2.6318189 0.2109882 2.6398189 1 P 0
L 0.211 7.809 0.211 7.817 1 P 0
L 0.211 7.883 0.211 7.891 1 P 0
L 0.2199882 2.5418189 0.2199882 2.6558189 2 P 0
L 0.2199882 2.5418189 0.2699882 2.5418189 2 P 0
L 0.2199882 2.6558189 0.2699882 2.6558189 2 P 0
L 0.22 7.793 0.22 7.907 2 P 0
L 0.22 7.793 0.27 7.793 2 P 0
L 0.22 7.907 0.27 7.907 2 P 0
L 0.2259882 2.4638189 0.2259882 2.5138189 1 P 0
L 0.226 7.715 0.226 7.765 1 P 0
L 0.2699882 2.5418189 0.2699882 2.6558189 2 P 0
L 0.2699882 2.5528189 0.2919882 2.5528189 1 P 0
L 0.2699882 2.5708189 0.2919882 2.5708189 1 P 0
L 0.2699882 2.5898189 0.2919882 2.5898189 1 P 0
L 0.2699882 2.6078189 0.2919882 2.6078189 1 P 0
L 0.2699882 2.6268189 0.2919882 2.6268189 1 P 0
L 0.2699882 2.6448189 0.2919882 2.6448189 1 P 0
L 0.27 7.793 0.27 7.907 2 P 0
L 0.27 7.804 0.292 7.804 1 P 0
L 0.27 7.822 0.292 7.822 1 P 0
L 0.27 7.841 0.292 7.841 1 P 0
L 0.27 7.859 0.292 7.859 1 P 0
L 0.27 7.878 0.292 7.878 1 P 0
L 0.27 7.896 0.292 7.896 1 P 0
L 0.2739882 2.4638189 0.2739882 2.5138189 1 P 0
L 0.274 7.715 0.274 7.765 1 P 0
L 0.275 7.976 0.275 8.056 2 P 0
L 0.275 7.976 0.325 7.976 2 P 0
L 0.275 7.992 0.325 7.992 1 P 0
L 0.275 8.04 0.325 8.04 1 P 0
L 0.275 8.056 0.325 8.056 2 P 0
L 0.277 2.733 0.277 2.813 2 P 0
L 0.277 2.733 0.327 2.733 2 P 0
L 0.277 2.749 0.327 2.749 1 P 0
L 0.277 2.797 0.327 2.797 1 P 0
L 0.277 2.813 0.327 2.813 2 P 0
L 0.2789882 2.5578189 0.2789882 2.5658189 1 P 0
L 0.2789882 2.5948189 0.2789882 2.6028189 1 P 0
L 0.2789882 2.6318189 0.2789882 2.6398189 1 P 0
L 0.279 7.809 0.279 7.817 1 P 0
L 0.279 7.846 0.279 7.854 1 P 0
L 0.279 7.883 0.279 7.891 1 P 0
L 0.2849882 2.5528189 0.2849882 2.5708189 1 P 0
L 0.2849882 2.5898189 0.2849882 2.6078189 1 P 0
L 0.2849882 2.6268189 0.2849882 2.6448189 1 P 0
L 0.285 7.804 0.285 7.822 1 P 0
L 0.285 7.841 0.285 7.859 1 P 0
L 0.285 7.878 0.285 7.896 1 P 0
L 0.2899882 2.4638189 0.2899882 2.5138189 2 P 0
L 0.29 7.715 0.29 7.765 2 P 0
L 0.2919882 2.5528189 0.2919882 2.5708189 1 P 0
L 0.2919882 2.5898189 0.2919882 2.6078189 1 P 0
L 0.2919882 2.6268189 0.2919882 2.6448189 1 P 0
L 0.292 7.804 0.292 7.822 1 P 0
L 0.292 7.841 0.292 7.859 1 P 0
L 0.292 7.878 0.292 7.896 1 P 0
L 0.3199882 2.5618189 0.3279882 2.5618189 0 P 0
L 0.32 7.813 0.328 7.813 0 P 0
L 0.3239882 2.5578189 0.3239882 2.5658189 0 P 0
L 0.324 7.809 0.324 7.817 0 P 0
L 0.325 7.976 0.325 8.056 2 P 0
L 0.327 2.733 0.327 2.813 2 P 0
L 0.35 2.573 0.35 2.653 2 P 0
L 0.35 2.573 0.4 2.573 2 P 0
L 0.35 2.589 0.4 2.589 1 P 0
L 0.35 2.637 0.4 2.637 1 P 0
L 0.35 2.653 0.4 2.653 2 P 0
L 0.35 7.886 0.35 7.966 2 P 0
L 0.35 7.886 0.4 7.886 2 P 0
L 0.35 7.902 0.4 7.902 1 P 0
L 0.35 7.95 0.4 7.95 1 P 0
L 0.35 7.966 0.4 7.966 2 P 0
L 0.4 2.573 0.4 2.653 2 P 0
L 0.4 7.886 0.4 7.966 2 P 0
L 0.458 9.6280787 0.458 9.6780787 2 P 0
L 0.458 9.6280787 0.538 9.6280787 2 P 0
L 0.458 9.6780787 0.538 9.6780787 2 P 0
L 0.474 9.6280787 0.474 9.6780787 1 P 0
L 0.522 9.6280787 0.522 9.6780787 1 P 0
L 0.538 9.6280787 0.538 9.6780787 2 P 0
L 0.542 8.8790787 0.542 8.9590787 2 P 0
L 0.542 8.8790787 0.592 8.8790787 2 P 0
L 0.542 8.8950787 0.592 8.8950787 1 P 0
L 0.542 8.9430787 0.592 8.9430787 1 P 0
L 0.542 8.9590787 0.592 8.9590787 2 P 0
L 0.575 9.6 0.575 9.68 2 P 0
L 0.575 9.6 0.625 9.6 2 P 0
L 0.575 9.616 0.625 9.616 1 P 0
L 0.575 9.664 0.625 9.664 1 P 0
L 0.575 9.68 0.625 9.68 2 P 0
L 0.592 8.8790787 0.592 8.9590787 2 P 0
L 0.625 9.6 0.625 9.68 2 P 0
L 0.66 9.6 0.66 9.68 2 P 0
L 0.66 9.6 0.71 9.6 2 P 0
L 0.66 9.616 0.71 9.616 1 P 0
L 0.66 9.664 0.71 9.664 1 P 0
L 0.66 9.68 0.71 9.68 2 P 0
L 0.71 9.6 0.71 9.68 2 P 0
L 0.725 9.599 0.725 9.679 2 P 0
L 0.725 9.599 0.775 9.599 2 P 0
L 0.725 9.615 0.775 9.615 1 P 0
L 0.725 9.663 0.775 9.663 1 P 0
L 0.725 9.679 0.775 9.679 2 P 0
L 0.775 9.599 0.775 9.679 2 P 0
L 1.521 9.101 1.521 9.151 2 P 0
L 1.521 9.101 1.601 9.101 2 P 0
L 1.521 9.151 1.601 9.151 2 P 0
L 1.521 9.186 1.521 9.236 2 P 0
L 1.521 9.186 1.601 9.186 2 P 0
L 1.521 9.236 1.601 9.236 2 P 0
L 1.521 9.276 1.521 9.326 2 P 0
L 1.521 9.276 1.601 9.276 2 P 0
L 1.521 9.326 1.601 9.326 2 P 0
L 1.537 9.101 1.537 9.151 1 P 0
L 1.537 9.186 1.537 9.236 1 P 0
L 1.537 9.276 1.537 9.326 1 P 0
L 1.585 9.101 1.585 9.151 1 P 0
L 1.585 9.186 1.585 9.236 1 P 0
L 1.585 9.276 1.585 9.326 1 P 0
L 1.5979882 2.5528189 1.5979882 2.5708189 1 P 0
L 1.5979882 2.5528189 1.6199882 2.5528189 1 P 0
L 1.5979882 2.5708189 1.6199882 2.5708189 1 P 0
L 1.5979882 2.6268189 1.5979882 2.6448189 1 P 0
L 1.5979882 2.6268189 1.6199882 2.6268189 1 P 0
L 1.5979882 2.6448189 1.6199882 2.6448189 1 P 0
L 1.598 7.804 1.598 7.822 1 P 0
L 1.598 7.804 1.62 7.804 1 P 0
L 1.598 7.822 1.62 7.822 1 P 0
L 1.598 7.878 1.598 7.896 1 P 0
L 1.598 7.878 1.62 7.878 1 P 0
L 1.598 7.896 1.62 7.896 1 P 0
L 1.601 9.101 1.601 9.151 2 P 0
L 1.601 9.186 1.601 9.236 2 P 0
L 1.601 9.276 1.601 9.326 2 P 0
L 1.6049882 2.5528189 1.6049882 2.5708189 1 P 0
L 1.6049882 2.6268189 1.6049882 2.6448189 1 P 0
L 1.605 7.804 1.605 7.822 1 P 0
L 1.605 7.878 1.605 7.896 1 P 0
L 1.6099882 2.4638189 1.6099882 2.5138189 2 P 0
L 1.6099882 2.4638189 1.6899882 2.4638189 2 P 0
L 1.6099882 2.5138189 1.6899882 2.5138189 2 P 0
L 1.61 7.715 1.61 7.765 2 P 0
L 1.61 7.715 1.69 7.715 2 P 0
L 1.61 7.765 1.69 7.765 2 P 0
L 1.6109882 2.5578189 1.6109882 2.5658189 1 P 0
L 1.6109882 2.6318189 1.6109882 2.6398189 1 P 0
L 1.611 7.809 1.611 7.817 1 P 0
L 1.611 7.883 1.611 7.891 1 P 0
L 1.6199882 2.5418189 1.6199882 2.6558189 2 P 0
L 1.6199882 2.5418189 1.6699882 2.5418189 2 P 0
L 1.6199882 2.6558189 1.6699882 2.6558189 2 P 0
L 1.62 7.793 1.62 7.907 2 P 0
L 1.62 7.793 1.67 7.793 2 P 0
L 1.62 7.907 1.67 7.907 2 P 0
L 1.6259882 2.4638189 1.6259882 2.5138189 1 P 0
L 1.626 7.715 1.626 7.765 1 P 0
L 1.6699882 2.5418189 1.6699882 2.6558189 2 P 0
L 1.6699882 2.5528189 1.6919882 2.5528189 1 P 0
L 1.6699882 2.5708189 1.6919882 2.5708189 1 P 0
L 1.6699882 2.5898189 1.6919882 2.5898189 1 P 0
L 1.6699882 2.6078189 1.6919882 2.6078189 1 P 0
L 1.6699882 2.6268189 1.6919882 2.6268189 1 P 0
L 1.6699882 2.6448189 1.6919882 2.6448189 1 P 0
L 1.67 7.793 1.67 7.907 2 P 0
L 1.67 7.804 1.692 7.804 1 P 0
L 1.67 7.822 1.692 7.822 1 P 0
L 1.67 7.841 1.692 7.841 1 P 0
L 1.67 7.859 1.692 7.859 1 P 0
L 1.67 7.878 1.692 7.878 1 P 0
L 1.67 7.896 1.692 7.896 1 P 0
L 1.6739882 2.4638189 1.6739882 2.5138189 1 P 0
L 1.674 7.715 1.674 7.765 1 P 0
L 1.6789882 2.5578189 1.6789882 2.5658189 1 P 0
L 1.6789882 2.5948189 1.6789882 2.6028189 1 P 0
L 1.6789882 2.6318189 1.6789882 2.6398189 1 P 0
L 1.679 7.809 1.679 7.817 1 P 0
L 1.679 7.846 1.679 7.854 1 P 0
L 1.679 7.883 1.679 7.891 1 P 0
L 1.68 7.986 1.68 8.066 2 P 0
L 1.68 7.986 1.73 7.986 2 P 0
L 1.68 8.002 1.73 8.002 1 P 0
L 1.68 8.05 1.73 8.05 1 P 0
L 1.68 8.066 1.73 8.066 2 P 0
L 1.6849882 2.5528189 1.6849882 2.5708189 1 P 0
L 1.6849882 2.5898189 1.6849882 2.6078189 1 P 0
L 1.6849882 2.6268189 1.6849882 2.6448189 1 P 0
L 1.685 7.804 1.685 7.822 1 P 0
L 1.685 7.841 1.685 7.859 1 P 0
L 1.685 7.878 1.685 7.896 1 P 0
L 1.6899882 2.4638189 1.6899882 2.5138189 2 P 0
L 1.69 2.721 1.69 2.801 2 P 0
L 1.69 2.721 1.74 2.721 2 P 0
L 1.69 2.737 1.74 2.737 1 P 0
L 1.69 2.785 1.74 2.785 1 P 0
L 1.69 2.801 1.74 2.801 2 P 0
L 1.69 7.715 1.69 7.765 2 P 0
L 1.6919882 2.5528189 1.6919882 2.5708189 1 P 0
L 1.6919882 2.5898189 1.6919882 2.6078189 1 P 0
L 1.6919882 2.6268189 1.6919882 2.6448189 1 P 0
L 1.692 7.804 1.692 7.822 1 P 0
L 1.692 7.841 1.692 7.859 1 P 0
L 1.692 7.878 1.692 7.896 1 P 0
L 1.7199882 2.5618189 1.7279882 2.5618189 0 P 0
L 1.72 7.813 1.728 7.813 0 P 0
L 1.7239882 2.5578189 1.7239882 2.5658189 0 P 0
L 1.724 7.809 1.724 7.817 0 P 0
L 1.73 7.986 1.73 8.066 2 P 0
L 1.74 2.721 1.74 2.801 2 P 0
L 1.749 7.897 1.749 7.977 2 P 0
L 1.749 7.897 1.799 7.897 2 P 0
L 1.749 7.913 1.799 7.913 1 P 0
L 1.749 7.961 1.799 7.961 1 P 0
L 1.749 7.977 1.799 7.977 2 P 0
L 1.76 2.631 1.76 2.711 2 P 0
L 1.76 2.631 1.81 2.631 2 P 0
L 1.76 2.647 1.81 2.647 1 P 0
L 1.76 2.695 1.81 2.695 1 P 0
L 1.76 2.711 1.81 2.711 2 P 0
L 1.799 7.897 1.799 7.977 2 P 0
L 1.81 2.631 1.81 2.711 2 P 0
L 2.449 0.5935984 2.449 0.6355984 4 P 0
L 2.449 0.5935984 2.454 0.5935984 4 P 0
L 2.449 0.6355984 2.454 0.6355984 4 P 0
L 2.454 0.5805984 2.454 0.6485984 2 P 0
L 2.454 0.5805984 2.576 0.5805984 2 P 0
L 2.454 0.6485984 2.576 0.6485984 2 P 0
L 2.454 1.0085984 2.454 1.0505984 4 P 0
L 2.454 1.0085984 2.459 1.0085984 4 P 0
L 2.454 1.0505984 2.459 1.0505984 4 P 0
L 2.459 0.9955984 2.459 1.0635984 2 P 0
L 2.459 0.9955984 2.581 0.9955984 2 P 0
L 2.459 1.0635984 2.581 1.0635984 2 P 0
L 2.551 0.5805984 2.551 0.6485984 4 P 0
L 2.556 0.9955984 2.556 1.0635984 4 P 0
L 2.576 0.5805984 2.576 0.6485984 2 P 0
L 2.576 0.5935984 2.581 0.5935984 4 P 0
L 2.576 0.6355984 2.581 0.6355984 4 P 0
L 2.581 0.5935984 2.581 0.6355984 4 P 0
L 2.581 0.9955984 2.581 1.0635984 2 P 0
L 2.581 1.0085984 2.586 1.0085984 4 P 0
L 2.581 1.0505984 2.586 1.0505984 4 P 0
L 2.586 1.0085984 2.586 1.0505984 4 P 0
L 2.619 0.6645984 2.649 0.6645984 3 P 0
L 2.624 1.0795984 2.654 1.0795984 3 P 0
L 2.634 0.6495984 2.634 0.6795984 3 P 0
L 2.639 1.0645984 2.639 1.0945984 3 P 0
L 2.672 2.609 2.672 2.689 2 P 0
L 2.672 2.609 2.722 2.609 2 P 0
L 2.672 2.625 2.722 2.625 1 P 0
L 2.672 2.673 2.722 2.673 1 P 0
L 2.672 2.689 2.722 2.689 2 P 0
L 2.722 2.609 2.722 2.689 2 P 0
L 2.963979 0.8649973 2.963979 0.9149973 2 P 0
L 2.963979 0.8649973 3.043979 0.8649973 2 P 0
L 2.963979 0.9149973 3.043979 0.9149973 2 P 0
L 2.979979 0.8649973 2.979979 0.9149973 1 P 0
L 2.9979882 2.5528189 2.9979882 2.5708189 1 P 0
L 2.9979882 2.5528189 3.0199882 2.5528189 1 P 0
L 2.9979882 2.5708189 3.0199882 2.5708189 1 P 0
L 2.9979882 2.6268189 2.9979882 2.6448189 1 P 0
L 2.9979882 2.6268189 3.0199882 2.6268189 1 P 0
L 2.9979882 2.6448189 3.0199882 2.6448189 1 P 0
L 2.998 7.804 2.998 7.822 1 P 0
L 2.998 7.804 3.02 7.804 1 P 0
L 2.998 7.822 3.02 7.822 1 P 0
L 2.998 7.878 2.998 7.896 1 P 0
L 2.998 7.878 3.02 7.878 1 P 0
L 2.998 7.896 3.02 7.896 1 P 0
L 3.0049882 2.5528189 3.0049882 2.5708189 1 P 0
L 3.0049882 2.6268189 3.0049882 2.6448189 1 P 0
L 3.005 7.804 3.005 7.822 1 P 0
L 3.005 7.878 3.005 7.896 1 P 0
L 3.008979 0.5749973 3.008979 0.6249973 2 P 0
L 3.008979 0.5749973 3.088979 0.5749973 2 P 0
L 3.008979 0.6249973 3.088979 0.6249973 2 P 0
L 3.008979 0.6399973 3.008979 0.6899973 2 P 0
L 3.008979 0.6399973 3.088979 0.6399973 2 P 0
L 3.008979 0.6899973 3.088979 0.6899973 2 P 0
L 3.008979 0.7049973 3.008979 0.7549973 2 P 0
L 3.008979 0.7049973 3.088979 0.7049973 2 P 0
L 3.008979 0.7549973 3.088979 0.7549973 2 P 0
L 3.0099882 2.4638189 3.0099882 2.5138189 2 P 0
L 3.0099882 2.4638189 3.0899882 2.4638189 2 P 0
L 3.0099882 2.5138189 3.0899882 2.5138189 2 P 0
L 3.01 7.715 3.01 7.765 2 P 0
L 3.01 7.715 3.09 7.715 2 P 0
L 3.01 7.765 3.09 7.765 2 P 0
L 3.0109882 2.5578189 3.0109882 2.5658189 1 P 0
L 3.0109882 2.6318189 3.0109882 2.6398189 1 P 0
L 3.011 7.809 3.011 7.817 1 P 0
L 3.011 7.883 3.011 7.891 1 P 0
L 3.0199882 2.5418189 3.0199882 2.6558189 2 P 0
L 3.0199882 2.5418189 3.0699882 2.5418189 2 P 0
L 3.0199882 2.6558189 3.0699882 2.6558189 2 P 0
L 3.02 7.793 3.02 7.907 2 P 0
L 3.02 7.793 3.07 7.793 2 P 0
L 3.02 7.907 3.07 7.907 2 P 0
L 3.024979 0.5749973 3.024979 0.6249973 1 P 0
L 3.024979 0.6399973 3.024979 0.6899973 1 P 0
L 3.024979 0.7049973 3.024979 0.7549973 1 P 0
L 3.0259882 2.4638189 3.0259882 2.5138189 1 P 0
L 3.026 7.715 3.026 7.765 1 P 0
L 3.027979 0.8649973 3.027979 0.9149973 1 P 0
L 3.039 0.7770787 3.039 0.8370787 2 P 0
L 3.039 0.7770787 3.159 0.7770787 2 P 0
L 3.039 0.8370787 3.159 0.8370787 2 P 0
L 3.043979 0.8649973 3.043979 0.9149973 2 P 0
L 3.059 0.7770787 3.059 0.8370787 1 P 0
L 3.0699882 2.5418189 3.0699882 2.6558189 2 P 0
L 3.0699882 2.5528189 3.0919882 2.5528189 1 P 0
L 3.0699882 2.5708189 3.0919882 2.5708189 1 P 0
L 3.0699882 2.5898189 3.0919882 2.5898189 1 P 0
L 3.0699882 2.6078189 3.0919882 2.6078189 1 P 0
L 3.0699882 2.6268189 3.0919882 2.6268189 1 P 0
L 3.0699882 2.6448189 3.0919882 2.6448189 1 P 0
L 3.07 7.793 3.07 7.907 2 P 0
L 3.07 7.804 3.092 7.804 1 P 0
L 3.07 7.822 3.092 7.822 1 P 0
L 3.07 7.841 3.092 7.841 1 P 0
L 3.07 7.859 3.092 7.859 1 P 0
L 3.07 7.878 3.092 7.878 1 P 0
L 3.07 7.896 3.092 7.896 1 P 0
L 3.072979 0.5749973 3.072979 0.6249973 1 P 0
L 3.072979 0.6399973 3.072979 0.6899973 1 P 0
L 3.072979 0.7049973 3.072979 0.7549973 1 P 0
L 3.0739882 2.4638189 3.0739882 2.5138189 1 P 0
L 3.074 7.715 3.074 7.765 1 P 0
L 3.075 7.994 3.075 8.074 2 P 0
L 3.075 7.994 3.125 7.994 2 P 0
L 3.075 8.01 3.125 8.01 1 P 0
L 3.075 8.058 3.125 8.058 1 P 0
L 3.075 8.074 3.125 8.074 2 P 0
L 3.0789882 2.5578189 3.0789882 2.5658189 1 P 0
L 3.0789882 2.5948189 3.0789882 2.6028189 1 P 0
L 3.0789882 2.6318189 3.0789882 2.6398189 1 P 0
L 3.079 7.809 3.079 7.817 1 P 0
L 3.079 7.846 3.079 7.854 1 P 0
L 3.079 7.883 3.079 7.891 1 P 0
L 3.0849882 2.5528189 3.0849882 2.5708189 1 P 0
L 3.0849882 2.5898189 3.0849882 2.6078189 1 P 0
L 3.0849882 2.6268189 3.0849882 2.6448189 1 P 0
L 3.085 7.804 3.085 7.822 1 P 0
L 3.085 7.841 3.085 7.859 1 P 0
L 3.085 7.878 3.085 7.896 1 P 0
L 3.088979 0.5749973 3.088979 0.6249973 2 P 0
L 3.088979 0.6399973 3.088979 0.6899973 2 P 0
L 3.088979 0.6649973 3.088979 0.7449973 2 P 0
L 3.088979 0.6649973 3.138979 0.6649973 2 P 0
L 3.088979 0.6809973 3.138979 0.6809973 1 P 0
L 3.088979 0.7049973 3.088979 0.7549973 2 P 0
L 3.088979 0.7289973 3.138979 0.7289973 1 P 0
L 3.088979 0.7449973 3.138979 0.7449973 2 P 0
L 3.0899882 2.4638189 3.0899882 2.5138189 2 P 0
L 3.09 7.715 3.09 7.765 2 P 0
L 3.0919882 2.5528189 3.0919882 2.5708189 1 P 0
L 3.0919882 2.5898189 3.0919882 2.6078189 1 P 0
L 3.0919882 2.6268189 3.0919882 2.6448189 1 P 0
L 3.092 7.804 3.092 7.822 1 P 0
L 3.092 7.841 3.092 7.859 1 P 0
L 3.092 7.878 3.092 7.896 1 P 0
L 3.1199882 2.5618189 3.1279882 2.5618189 0 P 0
L 3.12 2.731 3.12 2.811 2 P 0
L 3.12 2.731 3.17 2.731 2 P 0
L 3.12 2.747 3.17 2.747 1 P 0
L 3.12 2.795 3.17 2.795 1 P 0
L 3.12 2.811 3.17 2.811 2 P 0
L 3.12 7.813 3.128 7.813 0 P 0
L 3.1239882 2.5578189 3.1239882 2.5658189 0 P 0
L 3.124 7.809 3.124 7.817 0 P 0
L 3.125 7.994 3.125 8.074 2 P 0
L 3.138979 0.6649973 3.138979 0.7449973 2 P 0
L 3.139 0.7770787 3.139 0.8370787 1 P 0
L 3.143979 0.5699973 3.143979 0.6199973 2 P 0
L 3.143979 0.5699973 3.223979 0.5699973 2 P 0
L 3.143979 0.6199973 3.223979 0.6199973 2 P 0
L 3.146 7.905 3.146 7.985 2 P 0
L 3.146 7.905 3.196 7.905 2 P 0
L 3.146 7.921 3.196 7.921 1 P 0
L 3.146 7.969 3.196 7.969 1 P 0
L 3.146 7.985 3.196 7.985 2 P 0
L 3.159 0.7770787 3.159 0.8370787 2 P 0
L 3.159979 0.5699973 3.159979 0.6199973 1 P 0
L 3.17 2.731 3.17 2.811 2 P 0
L 3.196 7.905 3.196 7.985 2 P 0
L 3.205 2.641 3.205 2.721 2 P 0
L 3.205 2.641 3.255 2.641 2 P 0
L 3.205 2.657 3.255 2.657 1 P 0
L 3.205 2.705 3.255 2.705 1 P 0
L 3.205 2.721 3.255 2.721 2 P 0
L 3.207979 0.5699973 3.207979 0.6199973 1 P 0
L 3.223979 0.5699973 3.223979 0.6199973 2 P 0
L 3.255 2.641 3.255 2.721 2 P 0
L 3.283979 0.7749973 3.283979 0.8349973 2 P 0
L 3.283979 0.7749973 3.403979 0.7749973 2 P 0
L 3.283979 0.8349973 3.403979 0.8349973 2 P 0
L 3.303979 0.7749973 3.303979 0.8349973 1 P 0
L 3.342979 0.5769973 3.342979 0.6569973 2 P 0
L 3.342979 0.5769973 3.392979 0.5769973 2 P 0
L 3.342979 0.5929973 3.392979 0.5929973 1 P 0
L 3.342979 0.6409973 3.392979 0.6409973 1 P 0
L 3.342979 0.6569973 3.392979 0.6569973 2 P 0
L 3.383979 0.7749973 3.383979 0.8349973 1 P 0
L 3.392979 0.5769973 3.392979 0.6569973 2 P 0
L 3.403979 0.7749973 3.403979 0.8349973 2 P 0
L 3.799 9.444 3.799 9.524 2 P 0
L 3.799 9.444 3.849 9.444 2 P 0
L 3.799 9.46 3.849 9.46 1 P 0
L 3.799 9.508 3.849 9.508 1 P 0
L 3.799 9.524 3.849 9.524 2 P 0
L 3.849 9.444 3.849 9.524 2 P 0
L 4.0738006 1.1143438 4.0738006 1.1643438 2 P 0
L 4.0738006 1.1143438 4.1538006 1.1143438 2 P 0
L 4.0738006 1.1643438 4.1538006 1.1643438 2 P 0
L 4.0898006 1.1143438 4.0898006 1.1643438 1 P 0
L 4.1378006 1.1143438 4.1378006 1.1643438 1 P 0
L 4.14 9.1300787 4.14 9.2100787 2 P 0
L 4.14 9.1300787 4.19 9.1300787 2 P 0
L 4.14 9.1460787 4.19 9.1460787 1 P 0
L 4.14 9.1940787 4.19 9.1940787 1 P 0
L 4.14 9.2100787 4.19 9.2100787 2 P 0
L 4.1538006 1.1143438 4.1538006 1.1643438 2 P 0
L 4.19 9.1300787 4.19 9.2100787 2 P 0
L 4.225 9.1300787 4.225 9.2100787 2 P 0
L 4.225 9.1300787 4.275 9.1300787 2 P 0
L 4.225 9.1460787 4.275 9.1460787 1 P 0
L 4.225 9.1940787 4.275 9.1940787 1 P 0
L 4.225 9.2100787 4.275 9.2100787 2 P 0
L 4.275 9.1300787 4.275 9.2100787 2 P 0
L 4.315 9.1300787 4.315 9.2100787 2 P 0
L 4.315 9.1300787 4.365 9.1300787 2 P 0
L 4.315 9.1460787 4.365 9.1460787 1 P 0
L 4.315 9.1940787 4.365 9.1940787 1 P 0
L 4.315 9.2100787 4.365 9.2100787 2 P 0
L 4.365 9.1300787 4.365 9.2100787 2 P 0
L 4.373 9.406 4.373 9.486 2 P 0
L 4.373 9.406 4.423 9.406 2 P 0
L 4.373 9.422 4.423 9.422 1 P 0
L 4.373 9.47 4.423 9.47 1 P 0
L 4.373 9.486 4.423 9.486 2 P 0
L 4.3979882 2.5528189 4.3979882 2.5708189 1 P 0
L 4.3979882 2.5528189 4.4199882 2.5528189 1 P 0
L 4.3979882 2.5708189 4.4199882 2.5708189 1 P 0
L 4.3979882 2.6268189 4.3979882 2.6448189 1 P 0
L 4.3979882 2.6268189 4.4199882 2.6268189 1 P 0
L 4.3979882 2.6448189 4.4199882 2.6448189 1 P 0
L 4.398 7.804 4.398 7.822 1 P 0
L 4.398 7.804 4.42 7.804 1 P 0
L 4.398 7.822 4.42 7.822 1 P 0
L 4.398 7.878 4.398 7.896 1 P 0
L 4.398 7.878 4.42 7.878 1 P 0
L 4.398 7.896 4.42 7.896 1 P 0
L 4.4049882 2.5528189 4.4049882 2.5708189 1 P 0
L 4.4049882 2.6268189 4.4049882 2.6448189 1 P 0
L 4.405 7.804 4.405 7.822 1 P 0
L 4.405 7.878 4.405 7.896 1 P 0
L 4.4099882 2.4638189 4.4099882 2.5138189 2 P 0
L 4.4099882 2.4638189 4.4899882 2.4638189 2 P 0
L 4.4099882 2.5138189 4.4899882 2.5138189 2 P 0
L 4.41 7.715 4.41 7.765 2 P 0
L 4.41 7.715 4.49 7.715 2 P 0
L 4.41 7.765 4.49 7.765 2 P 0
L 4.4109882 2.5578189 4.4109882 2.5658189 1 P 0
L 4.4109882 2.6318189 4.4109882 2.6398189 1 P 0
L 4.411 7.809 4.411 7.817 1 P 0
L 4.411 7.883 4.411 7.891 1 P 0
L 4.4199882 2.5418189 4.4199882 2.6558189 2 P 0
L 4.4199882 2.5418189 4.4699882 2.5418189 2 P 0
L 4.4199882 2.6558189 4.4699882 2.6558189 2 P 0
L 4.42 7.793 4.42 7.907 2 P 0
L 4.42 7.793 4.47 7.793 2 P 0
L 4.42 7.907 4.47 7.907 2 P 0
L 4.423 9.406 4.423 9.486 2 P 0
L 4.4259882 2.4638189 4.4259882 2.5138189 1 P 0
L 4.426 7.715 4.426 7.765 1 P 0
L 4.44 8.001 4.44 8.081 2 P 0
L 4.44 8.001 4.49 8.001 2 P 0
L 4.44 8.017 4.49 8.017 1 P 0
L 4.44 8.065 4.49 8.065 1 P 0
L 4.44 8.081 4.49 8.081 2 P 0
L 4.4699882 2.5418189 4.4699882 2.6558189 2 P 0
L 4.4699882 2.5528189 4.4919882 2.5528189 1 P 0
L 4.4699882 2.5708189 4.4919882 2.5708189 1 P 0
L 4.4699882 2.5898189 4.4919882 2.5898189 1 P 0
L 4.4699882 2.6078189 4.4919882 2.6078189 1 P 0
L 4.4699882 2.6268189 4.4919882 2.6268189 1 P 0
L 4.4699882 2.6448189 4.4919882 2.6448189 1 P 0
L 4.47 7.793 4.47 7.907 2 P 0
L 4.47 7.804 4.492 7.804 1 P 0
L 4.47 7.822 4.492 7.822 1 P 0
L 4.47 7.841 4.492 7.841 1 P 0
L 4.47 7.859 4.492 7.859 1 P 0
L 4.47 7.878 4.492 7.878 1 P 0
L 4.47 7.896 4.492 7.896 1 P 0
L 4.4739882 2.4638189 4.4739882 2.5138189 1 P 0
L 4.474 7.715 4.474 7.765 1 P 0
L 4.4789882 2.5578189 4.4789882 2.5658189 1 P 0
L 4.4789882 2.5948189 4.4789882 2.6028189 1 P 0
L 4.4789882 2.6318189 4.4789882 2.6398189 1 P 0
L 4.479 7.809 4.479 7.817 1 P 0
L 4.479 7.846 4.479 7.854 1 P 0
L 4.479 7.883 4.479 7.891 1 P 0
L 4.484 2.765 4.484 2.845 2 P 0
L 4.484 2.765 4.534 2.765 2 P 0
L 4.484 2.781 4.534 2.781 1 P 0
L 4.484 2.829 4.534 2.829 1 P 0
L 4.484 2.845 4.534 2.845 2 P 0
L 4.4849882 2.5528189 4.4849882 2.5708189 1 P 0
L 4.4849882 2.5898189 4.4849882 2.6078189 1 P 0
L 4.4849882 2.6268189 4.4849882 2.6448189 1 P 0
L 4.485 7.804 4.485 7.822 1 P 0
L 4.485 7.841 4.485 7.859 1 P 0
L 4.485 7.878 4.485 7.896 1 P 0
L 4.4899882 2.4638189 4.4899882 2.5138189 2 P 0
L 4.49 7.715 4.49 7.765 2 P 0
L 4.49 8.001 4.49 8.081 2 P 0
L 4.4919882 2.5528189 4.4919882 2.5708189 1 P 0
L 4.4919882 2.5898189 4.4919882 2.6078189 1 P 0
L 4.4919882 2.6268189 4.4919882 2.6448189 1 P 0
L 4.492 7.804 4.492 7.822 1 P 0
L 4.492 7.841 4.492 7.859 1 P 0
L 4.492 7.878 4.492 7.896 1 P 0
L 4.4988006 0.7693438 4.4988006 0.8193438 2 P 0
L 4.4988006 0.7693438 4.5788006 0.7693438 2 P 0
L 4.4988006 0.8193438 4.5788006 0.8193438 2 P 0
L 4.5148006 0.7693438 4.5148006 0.8193438 1 P 0
L 4.5199882 2.5618189 4.5279882 2.5618189 0 P 0
L 4.52 7.813 4.528 7.813 0 P 0
L 4.5239882 2.5578189 4.5239882 2.5658189 0 P 0
L 4.524 7.809 4.524 7.817 0 P 0
L 4.534 2.765 4.534 2.845 2 P 0
L 4.545 7.911 4.545 7.991 2 P 0
L 4.545 7.911 4.595 7.911 2 P 0
L 4.545 7.927 4.595 7.927 1 P 0
L 4.545 7.975 4.595 7.975 1 P 0
L 4.545 7.991 4.595 7.991 2 P 0
L 4.558 2.675 4.558 2.755 2 P 0
L 4.558 2.675 4.608 2.675 2 P 0
L 4.558 2.691 4.608 2.691 1 P 0
L 4.558 2.739 4.608 2.739 1 P 0
L 4.558 2.755 4.608 2.755 2 P 0
L 4.5628006 0.7693438 4.5628006 0.8193438 1 P 0
L 4.5788006 0.7693438 4.5788006 0.8193438 2 P 0
L 4.586 9.59 4.586 9.67 2 P 0
L 4.586 9.59 4.636 9.59 2 P 0
L 4.586 9.606 4.636 9.606 1 P 0
L 4.586 9.654 4.636 9.654 1 P 0
L 4.586 9.67 4.636 9.67 2 P 0
L 4.587 9.376 4.587 9.456 2 P 0
L 4.587 9.376 4.637 9.376 2 P 0
L 4.587 9.392 4.637 9.392 1 P 0
L 4.587 9.44 4.637 9.44 1 P 0
L 4.587 9.456 4.637 9.456 2 P 0
L 4.595 7.911 4.595 7.991 2 P 0
L 4.6038006 1.0143438 4.6038006 1.0643438 2 P 0
L 4.6038006 1.0143438 4.6838006 1.0143438 2 P 0
L 4.6038006 1.0643438 4.6838006 1.0643438 2 P 0
L 4.608 2.675 4.608 2.755 2 P 0
L 4.6198006 1.0143438 4.6198006 1.0643438 1 P 0
L 4.636 9.59 4.636 9.67 2 P 0
L 4.637 9.376 4.637 9.456 2 P 0
L 4.6678006 1.0143438 4.6678006 1.0643438 1 P 0
L 4.6838006 1.0143438 4.6838006 1.0643438 2 P 0
L 4.6838006 1.1043438 4.6838006 1.1843438 2 P 0
L 4.6838006 1.1043438 4.7338006 1.1043438 2 P 0
L 4.6838006 1.1203438 4.7338006 1.1203438 1 P 0
L 4.6838006 1.1683438 4.7338006 1.1683438 1 P 0
L 4.6838006 1.1843438 4.7338006 1.1843438 2 P 0
L 4.6888006 0.6943438 4.6888006 0.7743438 2 P 0
L 4.6888006 0.6943438 4.7388006 0.6943438 2 P 0
L 4.6888006 0.6993438 4.6888006 0.7793438 2 P 0
L 4.6888006 0.6993438 4.7388006 0.6993438 2 P 0
L 4.6888006 0.7103438 4.7388006 0.7103438 1 P 0
L 4.6888006 0.7153438 4.7388006 0.7153438 1 P 0
L 4.6888006 0.7583438 4.7388006 0.7583438 1 P 0
L 4.6888006 0.7633438 4.7388006 0.7633438 1 P 0
L 4.6888006 0.7743438 4.7388006 0.7743438 2 P 0
L 4.6888006 0.7793438 4.7388006 0.7793438 2 P 0
L 4.7338006 1.1043438 4.7338006 1.1843438 2 P 0
L 4.7388006 0.6943438 4.7388006 0.7743438 2 P 0
L 4.7388006 0.6993438 4.7388006 0.7793438 2 P 0
L 4.7638006 1.1043438 4.7638006 1.1843438 2 P 0
L 4.7638006 1.1043438 4.8138006 1.1043438 2 P 0
L 4.7638006 1.1203438 4.8138006 1.1203438 1 P 0
L 4.7638006 1.1683438 4.8138006 1.1683438 1 P 0
L 4.7638006 1.1843438 4.8138006 1.1843438 2 P 0
L 4.7688006 0.9043438 4.7688006 0.9843438 2 P 0
L 4.7688006 0.9043438 4.8188006 0.9043438 2 P 0
L 4.7688006 0.9203438 4.8188006 0.9203438 1 P 0
L 4.7688006 0.9683438 4.8188006 0.9683438 1 P 0
L 4.7688006 0.9843438 4.8188006 0.9843438 2 P 0
L 4.7768006 0.7043438 4.7768006 0.7843438 2 P 0
L 4.7768006 0.7043438 4.8268006 0.7043438 2 P 0
L 4.7768006 0.7203438 4.8268006 0.7203438 1 P 0
L 4.7768006 0.7683438 4.8268006 0.7683438 1 P 0
L 4.7768006 0.7843438 4.8268006 0.7843438 2 P 0
L 4.7788006 0.6993438 4.7788006 0.7793438 2 P 0
L 4.7788006 0.6993438 4.8288006 0.6993438 2 P 0
L 4.7788006 0.7153438 4.8288006 0.7153438 1 P 0
L 4.7788006 0.7633438 4.8288006 0.7633438 1 P 0
L 4.7788006 0.7793438 4.8288006 0.7793438 2 P 0
L 4.8138006 1.1043438 4.8138006 1.1843438 2 P 0
L 4.8188006 0.9043438 4.8188006 0.9843438 2 P 0
L 4.8268006 0.7043438 4.8268006 0.7843438 2 P 0
L 4.8288006 0.6993438 4.8288006 0.7793438 2 P 0
L 4.841 9.449 4.841 9.499 2 P 0
L 4.841 9.449 4.921 9.449 2 P 0
L 4.841 9.499 4.921 9.499 2 P 0
L 4.842 9.514 4.842 9.564 2 P 0
L 4.842 9.514 4.922 9.514 2 P 0
L 4.842 9.564 4.922 9.564 2 P 0
L 4.857 9.449 4.857 9.499 1 P 0
L 4.858 9.514 4.858 9.564 1 P 0
L 4.905 9.449 4.905 9.499 1 P 0
L 4.906 9.514 4.906 9.564 1 P 0
L 4.921 9.449 4.921 9.499 2 P 0
L 4.922 9.514 4.922 9.564 2 P 0
L 5.7979882 2.5528189 5.7979882 2.5708189 1 P 0
L 5.7979882 2.5528189 5.8199882 2.5528189 1 P 0
L 5.7979882 2.5708189 5.8199882 2.5708189 1 P 0
L 5.7979882 2.6268189 5.7979882 2.6448189 1 P 0
L 5.7979882 2.6268189 5.8199882 2.6268189 1 P 0
L 5.7979882 2.6448189 5.8199882 2.6448189 1 P 0
L 5.798 7.804 5.798 7.822 1 P 0
L 5.798 7.804 5.82 7.804 1 P 0
L 5.798 7.822 5.82 7.822 1 P 0
L 5.798 7.878 5.798 7.896 1 P 0
L 5.798 7.878 5.82 7.878 1 P 0
L 5.798 7.896 5.82 7.896 1 P 0
L 5.8049882 2.5528189 5.8049882 2.5708189 1 P 0
L 5.8049882 2.6268189 5.8049882 2.6448189 1 P 0
L 5.805 7.804 5.805 7.822 1 P 0
L 5.805 7.878 5.805 7.896 1 P 0
L 5.8099882 2.4638189 5.8099882 2.5138189 2 P 0
L 5.8099882 2.4638189 5.8899882 2.4638189 2 P 0
L 5.8099882 2.5138189 5.8899882 2.5138189 2 P 0
L 5.81 7.715 5.81 7.765 2 P 0
L 5.81 7.715 5.89 7.715 2 P 0
L 5.81 7.765 5.89 7.765 2 P 0
L 5.8109882 2.5578189 5.8109882 2.5658189 1 P 0
L 5.8109882 2.6318189 5.8109882 2.6398189 1 P 0
L 5.811 7.809 5.811 7.817 1 P 0
L 5.811 7.883 5.811 7.891 1 P 0
L 5.8199882 2.5418189 5.8199882 2.6558189 2 P 0
L 5.8199882 2.5418189 5.8699882 2.5418189 2 P 0
L 5.8199882 2.6558189 5.8699882 2.6558189 2 P 0
L 5.82 7.793 5.82 7.907 2 P 0
L 5.82 7.793 5.87 7.793 2 P 0
L 5.82 7.907 5.87 7.907 2 P 0
L 5.8259882 2.4638189 5.8259882 2.5138189 1 P 0
L 5.826 7.715 5.826 7.765 1 P 0
L 5.865 7.986 5.865 8.066 2 P 0
L 5.865 7.986 5.915 7.986 2 P 0
L 5.865 8.002 5.915 8.002 1 P 0
L 5.865 8.05 5.915 8.05 1 P 0
L 5.865 8.066 5.915 8.066 2 P 0
L 5.8699882 2.5418189 5.8699882 2.6558189 2 P 0
L 5.8699882 2.5528189 5.8919882 2.5528189 1 P 0
L 5.8699882 2.5708189 5.8919882 2.5708189 1 P 0
L 5.8699882 2.5898189 5.8919882 2.5898189 1 P 0
L 5.8699882 2.6078189 5.8919882 2.6078189 1 P 0
L 5.8699882 2.6268189 5.8919882 2.6268189 1 P 0
L 5.8699882 2.6448189 5.8919882 2.6448189 1 P 0
L 5.87 2.766 5.87 2.846 2 P 0
L 5.87 2.766 5.92 2.766 2 P 0
L 5.87 2.782 5.92 2.782 1 P 0
L 5.87 2.83 5.92 2.83 1 P 0
L 5.87 2.846 5.92 2.846 2 P 0
L 5.87 7.793 5.87 7.907 2 P 0
L 5.87 7.804 5.892 7.804 1 P 0
L 5.87 7.822 5.892 7.822 1 P 0
L 5.87 7.841 5.892 7.841 1 P 0
L 5.87 7.859 5.892 7.859 1 P 0
L 5.87 7.878 5.892 7.878 1 P 0
L 5.87 7.896 5.892 7.896 1 P 0
L 5.8739882 2.4638189 5.8739882 2.5138189 1 P 0
L 5.874 7.715 5.874 7.765 1 P 0
L 5.8789882 2.5578189 5.8789882 2.5658189 1 P 0
L 5.8789882 2.5948189 5.8789882 2.6028189 1 P 0
L 5.8789882 2.6318189 5.8789882 2.6398189 1 P 0
L 5.879 7.809 5.879 7.817 1 P 0
L 5.879 7.846 5.879 7.854 1 P 0
L 5.879 7.883 5.879 7.891 1 P 0
L 5.8849882 2.5528189 5.8849882 2.5708189 1 P 0
L 5.8849882 2.5898189 5.8849882 2.6078189 1 P 0
L 5.8849882 2.6268189 5.8849882 2.6448189 1 P 0
L 5.885 7.804 5.885 7.822 1 P 0
L 5.885 7.841 5.885 7.859 1 P 0
L 5.885 7.878 5.885 7.896 1 P 0
L 5.8899882 2.4638189 5.8899882 2.5138189 2 P 0
L 5.89 7.715 5.89 7.765 2 P 0
L 5.8919882 2.5528189 5.8919882 2.5708189 1 P 0
L 5.8919882 2.5898189 5.8919882 2.6078189 1 P 0
L 5.8919882 2.6268189 5.8919882 2.6448189 1 P 0
L 5.892 7.804 5.892 7.822 1 P 0
L 5.892 7.841 5.892 7.859 1 P 0
L 5.892 7.878 5.892 7.896 1 P 0
L 5.915 7.986 5.915 8.066 2 P 0
L 5.9199882 2.5618189 5.9279882 2.5618189 0 P 0
L 5.92 2.766 5.92 2.846 2 P 0
L 5.92 7.813 5.928 7.813 0 P 0
L 5.9239882 2.5578189 5.9239882 2.5658189 0 P 0
L 5.924 7.809 5.924 7.817 0 P 0
L 5.95 7.896 5.95 7.976 2 P 0
L 5.95 7.896 6 7.896 2 P 0
L 5.95 7.912 6 7.912 1 P 0
L 5.95 7.96 6 7.96 1 P 0
L 5.95 7.976 6 7.976 2 P 0
L 5.955 2.676 5.955 2.756 2 P 0
L 5.955 2.676 6.005 2.676 2 P 0
L 5.955 2.692 6.005 2.692 1 P 0
L 5.955 2.74 6.005 2.74 1 P 0
L 5.955 2.756 6.005 2.756 2 P 0
L 6 7.896 6 7.976 2 P 0
L 6.005 2.676 6.005 2.756 2 P 0
L 6.531 9.5230787 6.531 9.5730787 2 P 0
L 6.531 9.5230787 6.611 9.5230787 2 P 0
L 6.531 9.5730787 6.611 9.5730787 2 P 0
L 6.544 8.9830787 6.544 9.0330787 2 P 0
L 6.544 8.9830787 6.624 8.9830787 2 P 0
L 6.544 9.0330787 6.624 9.0330787 2 P 0
L 6.547 9.5230787 6.547 9.5730787 1 P 0
L 6.56 8.9830787 6.56 9.0330787 1 P 0
L 6.595 9.5230787 6.595 9.5730787 1 P 0
L 6.608 8.9830787 6.608 9.0330787 1 P 0
L 6.611 9.5230787 6.611 9.5730787 2 P 0
L 6.621 9.346 6.621 9.426 2 P 0
L 6.621 9.346 6.671 9.346 2 P 0
L 6.621 9.362 6.671 9.362 1 P 0
L 6.621 9.41 6.671 9.41 1 P 0
L 6.621 9.426 6.671 9.426 2 P 0
L 6.624 8.9830787 6.624 9.0330787 2 P 0
L 6.671 9.346 6.671 9.426 2 P 0
L 7.114 9.182 7.114 9.2 1 P 0
L 7.114 9.182 7.136 9.182 1 P 0
L 7.114 9.2 7.136 9.2 1 P 0
L 7.121 9.182 7.121 9.2 1 P 0
L 7.127 9.187 7.127 9.195 1 P 0
L 7.136 9.134 7.136 9.248 2 P 0
L 7.136 9.134 7.186 9.134 2 P 0
L 7.136 9.248 7.186 9.248 2 P 0
L 7.186 9.134 7.186 9.248 2 P 0
L 7.186 9.145 7.208 9.145 1 P 0
L 7.186 9.163 7.208 9.163 1 P 0
L 7.186 9.219 7.208 9.219 1 P 0
L 7.186 9.237 7.208 9.237 1 P 0
L 7.195 9.15 7.195 9.158 1 P 0
L 7.195 9.224 7.195 9.232 1 P 0
L 7.1979882 2.5528189 7.1979882 2.5708189 1 P 0
L 7.1979882 2.5528189 7.2199882 2.5528189 1 P 0
L 7.1979882 2.5708189 7.2199882 2.5708189 1 P 0
L 7.1979882 2.6268189 7.1979882 2.6448189 1 P 0
L 7.1979882 2.6268189 7.2199882 2.6268189 1 P 0
L 7.1979882 2.6448189 7.2199882 2.6448189 1 P 0
L 7.198 7.804 7.198 7.822 1 P 0
L 7.198 7.804 7.22 7.804 1 P 0
L 7.198 7.822 7.22 7.822 1 P 0
L 7.198 7.878 7.198 7.896 1 P 0
L 7.198 7.878 7.22 7.878 1 P 0
L 7.198 7.896 7.22 7.896 1 P 0
L 7.201 9.145 7.201 9.163 1 P 0
L 7.201 9.219 7.201 9.237 1 P 0
L 7.2049882 2.5528189 7.2049882 2.5708189 1 P 0
L 7.2049882 2.6268189 7.2049882 2.6448189 1 P 0
L 7.205 7.804 7.205 7.822 1 P 0
L 7.205 7.878 7.205 7.896 1 P 0
L 7.208 9.145 7.208 9.163 1 P 0
L 7.208 9.219 7.208 9.237 1 P 0
L 7.2099882 2.4638189 7.2099882 2.5138189 2 P 0
L 7.2099882 2.4638189 7.2899882 2.4638189 2 P 0
L 7.2099882 2.5138189 7.2899882 2.5138189 2 P 0
L 7.21 7.715 7.21 7.765 2 P 0
L 7.21 7.715 7.29 7.715 2 P 0
L 7.21 7.765 7.29 7.765 2 P 0
L 7.2109882 2.5578189 7.2109882 2.5658189 1 P 0
L 7.2109882 2.6318189 7.2109882 2.6398189 1 P 0
L 7.211 7.809 7.211 7.817 1 P 0
L 7.211 7.883 7.211 7.891 1 P 0
L 7.2199882 2.5418189 7.2199882 2.6558189 2 P 0
L 7.2199882 2.5418189 7.2699882 2.5418189 2 P 0
L 7.2199882 2.6558189 7.2699882 2.6558189 2 P 0
L 7.22 7.793 7.22 7.907 2 P 0
L 7.22 7.793 7.27 7.793 2 P 0
L 7.22 7.907 7.27 7.907 2 P 0
L 7.2259882 2.4638189 7.2259882 2.5138189 1 P 0
L 7.226 7.715 7.226 7.765 1 P 0
L 7.26 2.731 7.26 2.811 2 P 0
L 7.26 2.731 7.31 2.731 2 P 0
L 7.26 2.747 7.31 2.747 1 P 0
L 7.26 2.795 7.31 2.795 1 P 0
L 7.26 2.811 7.31 2.811 2 P 0
L 7.2699882 2.5418189 7.2699882 2.6558189 2 P 0
L 7.2699882 2.5528189 7.2919882 2.5528189 1 P 0
L 7.2699882 2.5708189 7.2919882 2.5708189 1 P 0
L 7.2699882 2.5898189 7.2919882 2.5898189 1 P 0
L 7.2699882 2.6078189 7.2919882 2.6078189 1 P 0
L 7.2699882 2.6268189 7.2919882 2.6268189 1 P 0
L 7.2699882 2.6448189 7.2919882 2.6448189 1 P 0
L 7.27 7.793 7.27 7.907 2 P 0
L 7.27 7.804 7.292 7.804 1 P 0
L 7.27 7.822 7.292 7.822 1 P 0
L 7.27 7.841 7.292 7.841 1 P 0
L 7.27 7.859 7.292 7.859 1 P 0
L 7.27 7.878 7.292 7.878 1 P 0
L 7.27 7.896 7.292 7.896 1 P 0
L 7.2739882 2.4638189 7.2739882 2.5138189 1 P 0
L 7.274 7.715 7.274 7.765 1 P 0
L 7.2789882 2.5578189 7.2789882 2.5658189 1 P 0
L 7.2789882 2.5948189 7.2789882 2.6028189 1 P 0
L 7.2789882 2.6318189 7.2789882 2.6398189 1 P 0
L 7.279 7.809 7.279 7.817 1 P 0
L 7.279 7.846 7.279 7.854 1 P 0
L 7.279 7.883 7.279 7.891 1 P 0
L 7.284 9.184 7.284 9.202 1 P 0
L 7.284 9.184 7.306 9.184 1 P 0
L 7.284 9.202 7.306 9.202 1 P 0
L 7.2849882 2.5528189 7.2849882 2.5708189 1 P 0
L 7.2849882 2.5898189 7.2849882 2.6078189 1 P 0
L 7.2849882 2.6268189 7.2849882 2.6448189 1 P 0
L 7.285 7.804 7.285 7.822 1 P 0
L 7.285 7.841 7.285 7.859 1 P 0
L 7.285 7.878 7.285 7.896 1 P 0
L 7.2899882 2.4638189 7.2899882 2.5138189 2 P 0
L 7.29 7.715 7.29 7.765 2 P 0
L 7.291 9.184 7.291 9.202 1 P 0
L 7.2919882 2.5528189 7.2919882 2.5708189 1 P 0
L 7.2919882 2.5898189 7.2919882 2.6078189 1 P 0
L 7.2919882 2.6268189 7.2919882 2.6448189 1 P 0
L 7.292 7.804 7.292 7.822 1 P 0
L 7.292 7.841 7.292 7.859 1 P 0
L 7.292 7.878 7.292 7.896 1 P 0
L 7.293 7.962 7.293 8.042 2 P 0
L 7.293 7.962 7.343 7.962 2 P 0
L 7.293 7.978 7.343 7.978 1 P 0
L 7.293 8.026 7.343 8.026 1 P 0
L 7.293 8.042 7.343 8.042 2 P 0
L 7.297 9.189 7.297 9.197 1 P 0
L 7.306 9.136 7.306 9.25 2 P 0
L 7.306 9.136 7.356 9.136 2 P 0
L 7.306 9.25 7.356 9.25 2 P 0
L 7.31 2.731 7.31 2.811 2 P 0
L 7.3199882 2.5618189 7.3279882 2.5618189 0 P 0
L 7.32 7.813 7.328 7.813 0 P 0
L 7.3239882 2.5578189 7.3239882 2.5658189 0 P 0
L 7.324 7.809 7.324 7.817 0 P 0
L 7.343 7.962 7.343 8.042 2 P 0
L 7.35 2.636 7.35 2.716 2 P 0
L 7.35 2.636 7.4 2.636 2 P 0
L 7.35 2.652 7.4 2.652 1 P 0
L 7.35 2.7 7.4 2.7 1 P 0
L 7.35 2.716 7.4 2.716 2 P 0
L 7.356 9.136 7.356 9.25 2 P 0
L 7.356 9.147 7.378 9.147 1 P 0
L 7.356 9.165 7.378 9.165 1 P 0
L 7.356 9.221 7.378 9.221 1 P 0
L 7.356 9.239 7.378 9.239 1 P 0
L 7.365 7.873 7.365 7.953 2 P 0
L 7.365 7.873 7.415 7.873 2 P 0
L 7.365 7.889 7.415 7.889 1 P 0
L 7.365 7.937 7.415 7.937 1 P 0
L 7.365 7.953 7.415 7.953 2 P 0
L 7.365 9.152 7.365 9.16 1 P 0
L 7.365 9.226 7.365 9.234 1 P 0
L 7.371 9.147 7.371 9.165 1 P 0
L 7.371 9.221 7.371 9.239 1 P 0
L 7.378 9.147 7.378 9.165 1 P 0
L 7.378 9.221 7.378 9.239 1 P 0
L 7.4 2.636 7.4 2.716 2 P 0
L 7.415 7.873 7.415 7.953 2 P 0
L 7.6124803 9.0020787 7.6124803 9.0520787 2 P 0
L 7.6124803 9.0020787 7.6924803 9.0020787 2 P 0
L 7.6124803 9.0520787 7.6924803 9.0520787 2 P 0
L 7.6284803 9.0020787 7.6284803 9.0520787 1 P 0
L 7.6764803 9.0020787 7.6764803 9.0520787 1 P 0
L 7.6924803 9.0020787 7.6924803 9.0520787 2 P 0
P 2.5634954 0.6145976 5 P 0 0
P 2.5684954 1.0295976 5 P 0 0
